1111 11111

888888888.,.8.110 01118118.,108818.,.,1888.81880
(11111111.11,111.8ι,11.1.1.811 (1111888118. 118, 880
0111111118. 8, 888 0811111811 8.88
01111118.81,8.88 0111111.”1,11.Α.1,181
(8α11118.’1.888. 88, 888. 881, m. 0111111118...11881 0888888
800.188,80.,18888.880 eumenium
(1111111.11,111.111.11111111 01111118. 81,100
0111118ωο81.8.1.8.8.188,8..188 08111110· ι,8.81
11,8.88.1,1.188 0811111181. 8.180
0111181υ8.888,8.80.11,.88.81,.0011111118η88..888 8.888,.888
18.1,8.188 ⁸ 0111118108
oen-ur. 1888. 810. 81. 111. 11, gpuq'v' .111, 881. 808
11111 188,888
0111111118.118,..80811088 11.Μο GliodnTiiiAs
&mmm 0111111η1881.1111.188.11,111
01118118.181,888.1,88 0.,11188. 0118188111
88,8.88.188,8.88. 1,.,18181800 0818818. 188,888
0111111181, 818 011818.111,888
0111811088, 1..808 188,8180. 1,8. 0118118.11,180.1,811
0111111181, 081. iiiAu. viAlT. 0.
0088181888. 188, 808 {Auo
011111118.11,111 01111118. 81818. 81188. 188,888. 8.
emanso« mmmm . 11111
01188181, 818 0111111118.8,88
01111118ηο888 0111111118.ιι..808 18,880.81,888
0111110. 1,8. 188 0111111111Τ.111.188
eon-ar. 11801 0111111118.188,888
0111111118.1.818.888. 1108. 1, 0111118· ιι, 181. 888888. 880. 1. 88.
mundatum 881.8.,..101880880888..880888.
011111018.188,Ν 08811888110808Ὶῦ 11108.
(1118188881. 088 818. 1,88.880.811. 088. 188, 81.
6111111111 11111111111111. 1111.
111111. vim 1111111111. mm 1.,1.
018881088. 18 108.1,1.101.1,8.888. 1,8. 188.
011818.181,.88111.8,088 810...Δί8188.880.880
oet-s. 118, 8 88 01111111010. 10
011111111ὼῆ08 1111111.11,ιι.1.11,1.11
01111811, 888 01118Τ. 18, 88

(1111111111 01111118. 11, 811
0111118.11.888.8.811,1.18 eumenum

&m To 8016061 xii, ⁴2⁸ omum Τ188ῃτπ ⁵
&fimtiiimh 08888811, 8. 0111181118. 188, 080. 8. ι, 8. 188
108 01111101,1.888
.8..81888188181 81888811 ···
01881818· 181, 881 (08ψ8τ1181888
6111111111 01188183 ιι, 118
80181818.. 0101881.
0191111881, 888. viii, 88 0113111181, 81
giffiffiffi 188,888. si, 8.1. ggffffiTTTTTTTv. 881

81.8.18 011111111811, 880
0111811818. 8, 088 0111118008, 8. 00

0111811818. 1. 088 0111888118. 18, 808
08118118. ι. 808. 811808 0111181118.1,888

amansii, 8. 80 GndiveT. 111,ιι.111.81.888.ἱι,8.
01188118.888,808 088. 18, 80

 

