171 87681611. 868

188886888.868.4Ν.678.766.8. 8.111,,,,..868177818.11,188
11,.1166.17,1,,48 17,1.16.78. 117777Τ.1,6Ι6, 77171786 7,661.
81.7,6.818 781.1ι,96..761771,167.6.1,.74
11761171Τ.711,866 84.17,7.,,184.4 ,846.11,186
117611777,17,886 11777771, ιι, 86
munh 8, Ti. 1. 4 11me. ι, 686
litut-bimam ιιιιιιτ,ιι,777. 7.,77. mu. 776,
Ηι61661776611.168 811
1176117171.ιῆ,161.8.17,6.74. M, 1171778, 7, 817
77 77771771. ιι, 777, mii, ι, 77
1176167778.1,6.86 117177Τ, 76, 867
Η716668111.1, 166 1171177177Τ, 76, 874
lituum. 111661. 17,186. 17, 616. 1171771, 17, 168
8111, 6. 168 117177 Τ, 11, 671

, 117617778.17,8.66 11777677778.1.8.68

117617778,·· ιι. 6. 6 1177777777Τ,·· 771, 476
11761771, 8,886.17,867. 7,686, 71, 1177716718.17,6,.76167
886,71,46.,98.76,86 1177777717Τ,17,866.17,684.,1868
1176777777. 711888, 7,676. 8. 11,6. 1177777171. 11. 896
161 117777771771Τ. 7111, 886
1176177771. fimus· 17, 616 1177777177Τ,’“ ιι, 867. 878. 111, 871. 711,
1176177771171. 111. 17, 64646. 678. 7, 666
866447.71,868.11,,484 711,1.66 1177777777 Τ,1,ι 881. 711811
881.8,1,1.46..711.8.178.11,6.117777Τ,11,646,688 111481.17,881.
16817, w. A. 1148. 886 7, 676, 71,846.667.986, 711, 818.
1176777178.11,.,.6.867846 684667 717168476477466
Habui-emm 666. 687. 684. 17, 78. 167. 876. 888.
117777777Τ,111,,,.96178187,887.8. ι..74771,86..,,669711696649,
7,...1186811468 766.774,.8,17,.41817,6,.,6717
ΗεΤ.11Ι,186.71,966.7111,186.7. 6..,.,19614111866698
169.71,696.6.17,.868 11777771..7411.711,,718716,,416
mmm 777ι,..,,.777777ι7777777ιιι,
1177771Τ,711,788 144666 871184
aanor. 1876. 17,668. 7,16.169.1177777771,11,646.111,898,17,,77,19.
867. 711, 48. 11, 688 711, 188. ow. 7111, 488. 17, 48. 66, 66.
11777777, 711,861.614.717”,864.166. 186,796,864.7,896,71,886. ,4.1,
mm 7668671 78877861 888..48671.11,186
llum'l'. 7111, 481. 711747 1177777777Τ, 7. 864
1177776611118 1177777 Ι1111718, 111696. 76766868.
Ηωωὴ811.6.88 7111. 786. 17, 766, A. 1, 861
mmmmm? 11776771. 11, 716
fluminum 11777117Τ, 7. 489, 711, 698
mmmm 11776167,17,66 ·
1177766618816. 81, 176 1177677, 71,888, 711, 761. 7111, 887.
1177771767, 876 114. 764. 71, 814 711, 86. 714

1177771777ιί 476 6.1,1,·ω. 71. 11777161666
Au mmmmm

11777777, 71, 196. aiv, 8186 11777177Τ.17,766.17,676. 7,666,6,
namna, 98 mu
1177717777.77,876.8.11,1,61 1177777777. 1116. 17,699. 711,
namur. ιι, 777 777. 7,777. ι.ιιι-
flammina 1177777777. 711, 471
1177ω717171 871116 ΗιιιιιιιΤ.1,686.8.11,8.66

namn. 7111, 868788. ι,111.148. 1177777177. 7, 84
688. ml. 166 117777711Τ,7,174

8777767817, 776. 8.7,,1166, A. 1177711. 7111667. 7,771. 8,76,88
1,686 11777177761766

mmm 1177717771, 7111846
877777..1,147888.1ι,168. 71416. 167ιί777777,7’,6

 

