fir

DediT. 111111. 111. Μ. 1, 811. 111,
111. 811118. 1, 8.11

veridicis, 1.1.1

0111311111 T. 11, 881

natm-areu T. 1, 111

01111111 Τ. 111, 111. 11, 181

0111111111 8. 11, 8. 1

0111111 8. 11, 1.11

0111111111 8. 111, 1. 118

01111111811188. 111118. 8. 111, 8.
111. 1,1.181

01111111 A. 1, 111. 111

8111111. 1, 111. 111, 181. 1111, 188.
11η111. 81111. 1111. 1111.
⁸⁰· 87101 a· ’,81088

01111Τ.1,118.181. 11111181. 11, 111.
1111111. 11111. 881. 888. 111,
118111. 118. viii. 181. 11, 111. x.
818. 11118. 111111. 8.1.1.11. 1.
2·ss- 111. 11. 111, 1. 181. 111, 1.
181.111,1.11. 1111. 11. 11,1. 111,
41081 88301881 83 ²· 8861 ,331701

11111. 1181111111111
8111111111111

01111111Τ.11181

Deduc Τ. 111. 111

011111181118

011111111.11,11. 8.1,1.111.Δ.1,1

0111111111 Τ. 111, 181

01111111. 1111. 11811. 11111. A.
11118

0111111111 Τ. 1111, 111

0111111111. 111, 181

0111111111 T. 11, 118

011111 Τ. 1, 111. 811, 1. 111

011111 8. 1, 1. 181

011111 T. 1111 118. 8. 1, 1. 111

01111 Τ. 1111, 118. 1, 118. 11118

0111111111.1,181

Defneit T. 11, 818. 1, 118

DefeetnT. 111111

0111181.11,181

01111111 T. 111818. 8. ri. 1. 11

Defendere Τ.1,188. 11118. 11181.

11, 818. 111, 818. 11, 118. 8. ἱ, 8. A
Defendimus 8. 111, 1. 18

0111111111 T. 11, 181
Defendftur Τ. 111, 111
0111111111 Τ. 11, 11
Defenee T. i, 11. 1, 11
0111111111 S. 1, 1. 181
01111111 Τ. 11, 818
ἣωω8ὴ88
Defenrne T. 111, 181
0111111111 T. 111, 811
01111111 T. 111, 118
Defemf Τ. 1, 111

Deferre T. 111, 111. 11, 188. 111, 181
Defert T. rii, 818

1111188

Defertur T. 11, 811. 818

Deferrere Τ. 111 111

0111111 T. 11, 181

01811111 Τ. 11, 111

01811881 T. 111, 118

0181111118. 1,1.18

0118118811Τ.1,111

011111 8. 1, 1. 81. r. 1.11

011111 Τ. 11, 881. 8. 111, 1. 88. 1111.
111.1,1.118.Δ.1,118

01811111 Τ. 11, 188. 111, 111

0113111Τ.111,181.1,111. ,11181

011311 A. 11, 81

018111.11,111.811

8111111. i. 181

01118111 Τ. 111181

0181811 Τ. 11 181

0181811 S. ii. 1.11

Deflecte T. 1188

01811111 8. 11, 1. 88

Defende Τ. 11, 811. 111, 111

018111 T. 11118

01111111Τ.111,181

011118.1,1.181.Α.1,111

Deflet T. 11, 111

01811118. 1, 1. 181

018111 Τ. 1, 811

018111 A. 1, 811

011111111111. 8.1,1.81

Deforme T. 1111, 181. 11, 81. 11, 88. 8.
111, l. 188

Deformem T. 111, 111

011111111011181. 8.1,1.118

Deformis T. 11, 181. 1, 8111

01118118.11,8.18

Defuerunt S. 11, 8. 11

Defuit T. 1118. 111, 118. 188

Degener T. 1, 118. 11111. 11818. ¹,
188.8.111.1.188

01311111111.1,181

0131111111 T. 11, 118

0131111111 T. 1111, 881. 1, 111. 1111.
111, 118. A. 11, 111

01311111 S. 111, 1. 11

Degere T. i. 81. 1, 181. 11, 881. A. 1,

0131111111 A. 1181

01311111Τ.11,111

ΒΕ1Τ1881, ”Te 8881 TV. ¹⁶2· V. 881
811. 818. 811. 811. 718. 11, 887. 111,
111. viii, 111. ι, 111 111. 111. 11.
18111188. 81, l· 81. 11, 1. 88.
111, 1. 81. 1, 2. 8⁵. A. 1, 118. 1188

0111111111 A. 1, 188181. 881. 11, 81.
118118. 188. 111

Deidamian A. 11, 188

Dejeciree T. 1111, 111

Dejecit T. 1, 818. 1, 111. 111111. viii,

18. 11, 188. 811, 818. 111, 1. 11. v. ”

 

