11111 111111

8.ἱ,2.44.1,...48448 mimi, 1111111118,1,.4411
4.4411,..7481,1..144118 1)11111Τ.11,884
141111118.1,4.71 11111111Τῇ 11, 248
1411411181, 4141 [1111112111. 481
Ι)1Τ.1,44.11,171.1,414. 11,414 11,1)11111Τ.1111,114
414. 8..111,81 111,4.14.11,2.47 1111111118,1,·4.112
11,844 11111112· 111, 817
1411111111.Ι ι, 84. ιι, 44. ι,.78 11, 247 111111111Τ.11,811

1)1141111111.,1414.8.11,.2122.111, 111111Τιι 818
4.41. 11, 882 1111117.’11111111111111111

ninam-tet· ιι, 447. ιι, 184 414.· ιι, 118484. 411. 441. 111178.
1111111884. 84 414. 481. 11, 444. 1, 274. 414. 841.
14111128, 742. ι,.481 8.14.84.11,111,244.442.11,412.484.1.147.
4211114484121411141 1148271111174481211414
1111112· ι, 444. 11, 481. 11, 224. 441. 117. 1,...14241Α 71. 444. 11, 417
441. 111, 414. 248. 11. 414. 814. 444. 1111111211, 144. 471. 11, 841. 111, 27
712. 844. 117. 111124. 8.11,4. 14. Dictorum T. 111, 824
1, 4. 271 4111111111411
1)111·11111Τ.·11,241 1111111118. 1,8.111
1)11Τ. 1,214. 11. 448. 1,24.24.11,1)11111ωι’1“.11,244
418287. 111, 841. 11, 811. ι,.811 1)111111Τ.1,721. 11442
742. 11, 812. 8111,1. 41. 111, 4. 11. Dicty ιιιιιΤ. ιι, 442
11,1.28.11,4.11.Α.1,128 8111118111. 14
0111111211, 728. 811, 7. 82 Dicuni'R 11, 844
Ι)111111Τ.1,412. 11,444. 8.1,..448 11111111181112 48 ⁶ ¹
1111111141111111 1181131111·11111·’12
nimi? vi. ιιι 1111141111
1111111211, 478 1111111118. 1, 4. 181
marchei 8. 11, 2. 4. 111. 111,1.12.111, Diducit 8. 111, 484. A. 1, 448
· 4.74.11.8.8.1,4.181 1111111111Τ. 1, 817
14111118ιὶ18. 11,4. 144. ιιι, 242 DiduttiT. 11, 414
1111111111 8. 11, 218 1)14111111Τ.1111,111
Die-remmam 111173111141111111 1, 82. 11,
Ι)1111118.11,8.81 , 477. 111, 244. 417. 81282111, 4.
Dimum - 111. 111,.4 1. 47. 11,8.4 84. 1,1.
Dinia Τ. 11, 444 72118
Diuum. 7. 41 111111Τῦ ι, 2471841. 11, 21. 44. 88 447.
12111118. 11, 1. 81. 1,2. 147 111, 441. 414. 447. 884. 11, 8. 87.
1111141112111448. 8.11,8.124. 1, 284. 488. 71211 ’,.444 881. 111, 14.
2172 281. 418 411. 144. 1111, 44. 412 11,
11111117.11,141.ιὶ1,11.411 474. 1, 44.]88. 818. 11,8121. 424.
ΠῖοωιΤ. 111, 71 111,4.141.414.41,1.14.114144.
1111111117.111,7.,211127.11,.884 1,8...74811,1..11811,..7114.
11148181182141411288 1211111881118411448
1111111ιί12 111, 441 11, 7. 41. 11, 841.1,1.114. 1,4.
Π14111Τ. 1, 488. Sd, 2248. iim. 15 77. 8.· Ι, 448. 288
1111181111111118111111 DTT· ιΤι 111· 2111· iofivi'siig 111111.
Dim 8. ii, 7. 81 111, 78. 148. 181. 244. 448. 474. 824.
Dici T. 11, 414. 1111284 448718. 11,14.447.412. 881. 1,
14111181, 1. 184 288. 484. 442471. 718. 111444.
Dicitur. 1, 114. 111, 481. 811, 8. 4. 1, 471. 414. 711.1111,117.214.874.
4.4 844. 11, 421.1, 244. 11, 141.
01111111. 11, 478. 8 ιιι 4. 41 884. 488. 478. 882. 11144. 8211.
¹ Βιωιε.ν,1.11.1.ι,111.·11,111 488484818. 8.1,1.14. 1,224.
. nummuli 1114271111, 211428241.1,4.«14.24.1,4.44.
448. 111, 881. S.'' ni, 1. 82. 184. 11, 4. i, 8. m. 11,1.44.211.284.11,2.48.

ιιι. ιι, 1.11. .,ι.11 ιιι. 111. 11. 11111. 1111111.

 

