111 111111111111111

lta-Ti, 1108111118, 1118118, 111111111Τ.“’ ιι, ⁰⁰⁰. 18811, 718. 1,168.
188.888.888,888.11 88,. 888878. 787. 11, 77. 78. 888. 111, 888. 1111,
1, 78 88. 1⁰⁰.”⁰. 111,818, 1111,181. 888.888.11,81.111,118. 81,
888.887.1ι,788,,,788,ι868,888 1,,.86711,1,88.1,.,8.8818..86
ι1, 1⁰⁰. 877. 888, 111888. ⁰⁰⁰.⁰⁰⁰. Λ,1,.878 878. 11,8118
111.1,1.1.11.1,,,111111111. 1111111111
8.7.11,1,118. 111,8,,8711,6,81. 1111111117. 11, 17887. 878. 111, 187.
11,,,.,8.861178,18,86.1,,.818 ι11,.161888.8,11,,188.1,8,,16
8,1,888,“11,81,888 Α,1,,1811,,.66188816

111-’11,’,11 1111111111 ιι, 1111111111111. .,111. 11,.111 11,
78818886. 111, 881. 116881, 88188818781188881181
177,11,888,868’.111,.8ὓ888.1“ὧ, 111,...μ1888811888
888887, 11,886. ι,88,168. ⁰⁰⁰. 1168111811Έή88
818886. ι11,681,8,1,8,881.11,6, 1111111111,“1ι, ⁰⁰⁰
18, Δ,1,188 1161111117. 11, 888

81111181, 818111 78. 8781, 78181, 1111116117. 11,888
81188868, 1ι,,878,6ἥ ι11,886. ΝοιιιιιΤ,1111,88
88888887.11,.,1818881,111,18611111111,788.ι11,8118
6,,81 81687 111111111111. 1,,816

111167,11,816,ι886,8,1,6,86 111111111Τ.111168818,66

1111861181μ118,111,,81 11111118,1,,118167

111111.1,ιιι.111,111.11,11,11, 1111111161Τ,1ι887
171. 888. 111,88.88,176.11,888,11111111111Τ,,1888
8781,61,188,818,11,888, 1111,111111111.1,1ι,111.111,111,111,ι,
111,· ιι, ⁰1. ⁰1⁰. ι, 1886. 111817 868,ι1,811.611.111,87,818. 8,,1
887.888.111,8.8,1,8,88.11.8.161. 8.8.11,8.88
11.1,.6111,1,18 ..11111111.....1.1,.111ι,..,,1111111
888. ⁰⁰⁰ NoeclT. 11, 818. ι, 788

“’ 11111111,11,88.11,.667 11878 111,
11111..1..,ι,1ιι
111111Τ11 876 qm 111, ⁰⁰⁰. ⁰.
1,8.16
168.8,111,1,188.81,88 1111111118 11, 818

NoetumaeT' 111, 811, 1, 888 ΝοιιιΤ. 1, 888. ⁰⁰⁰. 11. 188. 1111. ⁰⁰⁰·

Noetumus.ii,7.⁰⁸ 11,,817ι,..68181,,176.,.18888.

Νοοιιιιιι17.11,186.1,,868681. 111, 11116811188611816811,
781 881). Δ, 1,117

11111111181, 661, ⁰⁰⁰ ΝοιιιιΤ, 11, 186

1111111111, 186. ι, 878 11111Ίὶ168, 11,88. 817. 111, ⁰⁰⁰.

ΝοοιιιιιιιιιΤ, 11, 866 11, 1⁰⁰. 161. 1,868.186.687.1 11.

1111111818,1,117,Δ,11,111 711888. 11, 1188. 888, 11, 888. 111,

ΝοᾶιιοΤ,1ι,877 188,8.11,6,,,,.881116881,Ι.88.

1116111118,1 ιι, 881 ⁰. 11, 61

1111111111 1111111118. 1, 8. 87

7111811811, mvi. ⁰⁰⁰. ιι, 687 1111117. 11, ⁰⁰⁰. 788. 11,.888 11,818·

11181811, ⁰⁰⁰. 11,884 8,,1878

1811111811, 78, 11, ⁰⁰⁰. ⁰11. ⁰.⁰ 11111187, 11, 81. 11, 6116

111111111811, 616. ι11, 676 1111118111888. 1,186

11118111181, 186 1811111111, 11,817, 1111, 10

1111111111, 1. 11 1111111. 11111
111111 ,1111 11,1..τ..’111,111.111.111.11.111

Νο1α1111Τ, 11, 888 8,111,1. 68. Α. 11,818

NoleutibunT. ι,818 NomutT. ι1, ⁰⁰⁰
111Ιί811786 11111111111111111,1,11,1..111

18ᾰὶ1118111. l. 187 1, 1.87.181)
mimimo 1118118111, 188
81811111111111111 11111111,11,7,ιι1,1,1,111

 

