111 smum.

1411111111, 111, 472

ΜιιΙοιιοΑ. 11, 72

2111122112· ι11, 2. 22

2111111211Τ.111,742, 21,2.22

111111125ιί, 24

2111112111Τ311,122

14111211Τ,1,122. 2.··11, 222

Monens Τ. 11, 217

2111111111 T. 11, 224. 11, 422

2111112211Τ, 1111, 222

Monentnr'zfl 1,2

2111111111, 422.·111, 224. 11, 212

2111111121, 22

11111111Τ,·’ 111, 227

211111Τ.11,442.1111,22.1722, Sa,
1111111212

Μ111112111,2.122

11111111.11,222

1111121211119. 2,1,2,122. A. 1,

1111111111.111,222

21ιί1111112, 11,7.,22 1,2.21.1,2,

11111211· 111, 124. 11, 24

21111111Τ. 1, 222. 11, 224. 1, 227

2111121112,”·· 111,.2221

211111121111. 111, 224722. 1, 242
111,12.422.224. 1,122,222. 222,
722..11,142.2,11,2.,112.ι11,,22
222.· 11, 442

21111Τ,··111,422. 222, 1,12411, 222.
211,.111.111,..11111,.111

1111111111111112111111111.
222,222,111,422.11,122. 1, 222.
11142422. 111,224. 2. 111,1.42.
1, 2. 222. 222. A.' 11, 212

21111111211111, 1111, 722. 111, 422

umbus. 1, 2. 227

mmmmm, 2.2

211111112112,·· 11, 2. 122. 11, 2. 22

‚ 2111121211121, 2222

21111115111111211111.11,
422. 111,242.11,42. 2. 1,4. 122

2111121111 T. 11, 222. 111,212. 2.111,

2111111112211 Τ. 1, 722

Montanum. 1, ιιι. 11142

2111121111. 111,22. 212. 2111. 122.
A. 1,112

Monstrum T. 11,122

1111111112. 1, 2.121

2111111111 1, 271. 11, 212. 11, 121. 222.
11, 244. 11, 427. 722, 1,224. 221. 2.
111,2..11411,2.,211,..211211,.4
22. 11,.2224.1,.221272.11,22

211112111211, 4. 21

ΜοιιιιιιιΤ, 1,.22 227

1111121112,1,2.222

211111111111Τ. 11, 242

cxl!

2111121111 Τ. 11, 222
Monstrum T. 111, 22
111112111112,1, 2. 22. 1, 2. 127
Μ1112111111Τ.111,422
2111121112.1,.2 22 .
Μ11121111Τ.111,224.1,222. 11,222
2.1,2. 22.· 111, 2. 22
211112111112, 1, 2. 24

’ Mannum, 427 222.·11,227 1, 272.

11, 422
Μοι1111111111Τ.· 1, 422
111111211111. 1, 722
2111111111111111Τ,·11,222 ,
2111111111Τ.1,422.11,122.11,]27, 11,
224,1111,22, ὶι,11.1111.111,211.
422. 272. 2,1,2. 22, 111,2. 22, A.i‚

1111111111. 111. 11111. 1.,111. ·

vimn

2111111111111 Τ. 111, 224

2111112111Τ,111,222

2111111111Τ.1,222. 227. 11, 272

Montana T. iv, 172. 111, 422. 11, 447

1111111112, 11,2. 122

1111111111· 11, 142

21111121111111111111111.
2221111,.2422,11,..222 111,2.42.
111, 2. 22. 1,2. 122, 122, 2.1,422
11, 222

2111111111· ι. 221. 11, 422. 1, 222. 1,
27.2.1,,,12211,.222.111,.121,
111,2. 122. 1, 2. 227. 2.,1122. 422.

21111111. 1,.12 11, 227. 1, 422. 722.
111, 227. 11, 422. 142. 111, 224. 222.·
2,1,1.24.1,2.1.222.12122111,
414211 1,,81ωι 1,,41Μ1 ivd· Μ·
Δ,,.112Ι 4,27 11, 112

211111Τ.11,.472 2,11,2.12.111,.122

2111211111.1,142.222.11,-42111,
222,1,.24 111, 442. 422. 422. 1111,
427.11,422.111,21. 2111111.
1, 2, 22

2111111111 11, 22. 222. 222, 111, 222. 1,
421241,11,22.111,744,11,272.
1,224,11,.212 2.1,1..2211,.242.
111,1.12.111.111,2,72.2.11,422

21111111311111422

Montium: 1. 221

2111111112111, 2. 122

Μ111111111111,422

Mop 11Τ, 1, 417. 11, 122

ΜοριυιΤ.’ 111, 221. 1111, 121

2111111 1, 112212222. 11,227,212.
212. 111,222,1,,222 11,212. 227,
1111, 277. 11, 224. 111,222. 2.111,1.

111. 1111, 11. 1,1..1 Α. 111111. .
1411111172· 111, 721

 

