cxcii

mmmm
1111118110.οῦ
1111111Τ.11,100

1111001

&buzarum 111404.

1111111111. 1, 008. 111,100. 11,100. 10, 1111111110. 1, 000. 11, 141

111111111111. 1, 000
111 111111 8.· 11, 0. 40
1111111111Τ.1,810

01111111 8.· 111, 1. 00

ffifflmwm‚umw‚s.m Μ

1111).1111Τ11,000
1 11111111111081111010 0.11,0..0

111111 11118. 11, 0. 00
1111111111· 11, 000. 111, 001
0111111111.1111,010
1111111118.111,0. 08
11111111οῧ 11, 0.110

111111111111111111

Re 11111111οᾞ· 11,01

1111111111.·11,14, 81. 8.· 11, 0. 11

1111111,18.1 0. 41

111······1111111Τ.·111,100.11,000. 1,.180
,11,100

1111111111. 11, 401

1111111110311, 000

11111111101, 11

111111111Τ.11,·800.1111,148. 11111

1111110111. x, 440

1111111111.11,111

1111111111.11,·088. 01111

11111111111.·11,810

11111111111.1111,000

111111111Τ.·· 11, 088

1111111111.11,111.111,111.11,111

1111111111Τ. 1, 480

1111101110. ,1,114

Rapum: ιι, 00 ’

1111111111 11, 111

1111111118. 1, 0. 01

1111111Ιί11.1·111,401.0.111,1.00.0.1

111·11·11·10110.1,0. 08

1111111111 01111. 0

111111111111. ·111, 010

1111111311111, 1, 004. mm.
1111, 101. 000. 11, 001.111. 11, 000.
8.11,Ι.10. 1,0. 100. 0,11,440

111111 Τ. 11, 101. 111, 141. 8. 11, 000

111111.111,118.111,111 ’

1111111. 11, 001 .

1111111111. 11, 104. 000. iii, 001. 400.
mummmffimw
mamammmfflmu
101. 100. 11, A. 8. 1, 0. 2⁰

11αΤ. 111,010.014.001. 11,001. 11,
1ῃη1ω

1111111011Τ. :Tm

11111110111811, 0. 41

1111111111.1,111.11,111. 111101

11111ηο118.·· 11, 1. 01 ’

1111111111 111, 10

111111110111 0 100

111111118.1,0.110

Remu Τ. 1, 010

Remu T. 111, 000

111111111Τ.1,000. 00,οΜ

11111111ίο11,0.08

11111111Τ.1111,101

naides. 0. v. 0. 00

{laidem T. 1, 000, 11, 400

1111111111. 111, 001. 11, 010· 111, 00.
080. 0.1·,1000

1111101111Τ. ·1, 410

1111111111Τὶ 111, 000

1111111111. 11, 000

nain-mr. 111, 010

11111111ωο1, 0. Ι

11111111ηο 1111, 00

1111111112· 1, 01·

nanim. ·11, 000

111111111.1,111.111,111.11,11.1.

1111111111.·1,.1111,.111.11111,111 1,014

1111111111 m
11111111111051, 0. 00
11111111.·11,111
0110011811, 8. 00
111111111Τὶ· 11,100 A. 1,411
11111111118.11,1.08.1,0.00
1111111011.1111·.000
0111111111.11,101
0111111118· 11, 0, 00

μ.
11111111Τ. 111· 000. 11, 040
0111111111 1, 081

0111111111· 11, 000
1111111111Τ.1111,100 ,
011011011100111040.11401

1111111111.1,.111,,1110.1111.
Β1111111·Τ·.1ι,100·
111ω111111031,000
11111111111111111111
1111111111· 111, 014. 1,001.1111,000
1111111111·οῢ 11,000

nammis, 180

1111111111.ι·,111

mmmm

0111111101111110.11, 000
0111111110 11, 000

1111111111112111, 011
1111111111ιο.11,0.80

 

