11 11111111. 1111

1117117111 Τ. 111, 77 1111111111 T. 111, 774. Α. 11, 714
1117111171 Τ. 11, 747 1111111111 Τ, v, 2117
1117171111 Τ. 1, 71 1111111111 S. 11, 7. 47
111711111111Τ. 11, 191 111111111ΤΙ 111, 419
11171111Τ.11,212 111111Τ.·” 11, 277. 71, 1. 17. 1, 7. 92.
Mammam 11,1. 197. 11,7.7711,.277. Aa,
1117117111. v, 21. 71, 7. 212 727.11,177

mmmmm 1111111111,424.11,.771 7.,..1474
7171171777 1,..7297.11,191

1117111171 111, 777 11111111. 1111, 494711, 1. 44. 7,·2ω 11277
1117111Τ.··111,777, 1, 277. 111, 144 1111111117.·· 11, 7. 87
11171111. 111, 722. 711, 9, 714 1111111117. 11, 7.47

1117111111 79. 714. 111, 727. 1111,179.1>1ω1117117.11,97

1, 774. 111, 722 1111111Τ.1,772. 7.11,7.77
1117111 A: 11, 717 1111111111 S. 1, l. 177
111711111Τ.’“111,717.11,74. 11, 774 1111111 S. 11, 1. 177. Α. 1, 297
1111111117.1,7.197 1111ο111Τ. 1, 742. 11, 717. 7.,1 2. 272.
7Μ1711,1.17 277,11,71194
Ι)111111·.11,247. 1111, 721. 7.,1 1. 97 Decorum, 111171, 747
1111171111· 111, 779, 11, 299 1111117171, 1. 274
1111171117 Ι.1,717.· 11, 744. 11, 729 1)111111111Τ.11,294.11,117. 7.·· 11, 1.
111111111Τῇ· 11, 71. 11, 777 117
111117111111, 12 1111111111Τ. 1, 711. 111, 77792
1111111711, 11 47. 1, 7. 277 1111111111111.1111,797.1,.4 Su 1
1111171711711,7.7 127..Δί 472. 11777
Decem T.' 11, 797 1111111111717, 7. 271
11111111Τ.“ 11, 772 1111111111Τ.1,1.777 111, 212. A. 114·
1111111111171111,7.179 ’71111111111111171111111
11111ρί1 Τ. 111, 721. 111, 727 1111111171,1,247.11,179 S. 111,4. 77
111111).,.1ι’1“11794 1111111 11, 427. 91111111711. 17

71111, 1. 97. 111, 4. 27 11111117.11,2.174.11,7.74
1)1111111Τ.111,177. 111, 77 1111111111111. 1, 727
1111111 tos. 1,7. 177 1111111111Τ.1,779. 111, 417. S. 1, 2.
111111111111Τ.11,777. 111, 777 1, 777 77.127.1,7.149
11111111111171, 297 111111111117,11,1, 114
111117111211, 41197. 7117111111. 1111111111Τ,,11779

19 A. 1, 777 1111111111Τ. 111, 499. 111, 791
1111117111111. 11, 474. 747, 111, 174 Decanibm'r. 111, 477
7111111111. 111, 1274 1111111Τῦ 1, 22. 11, 272. 717.111,217.
111111ψί1211, 177. &va-u 1,127.719. 1111,177.277.774.719.’
1111111111 T. 11, 722 727. 111, 717. 777. 792. 774. 1111, 277.
111111117111· 1, 2. 479 777. 11, 777. 777. 777. 777. 11.712-
1111117.11.77711,117.1.927. 111, 11,171.724.771ι7121117177.

779. S. 11, l. 29. A. 1, 272797 177.1,7.19.11,1.177.11,9.77.11,
111111111Τ.1111,127 7.72.111,1.171. 1117111. 111,4.
Decidenta S. ii, 7.197 71. 111, 7. 79. 11, 7. 77. 11, 7. 17, 1,
Decidit T. 11. 777 7. 124. 217. ΙΔ. 1, 277. 297. 11117.
11111178.11,1.21 477
Decii S. v, 2. 77 11111111 S. 1, 2. 174
Decima S. i, 4. 29 1111111117. 11, 9. 9
Decima, s. 1, 2. 9 111111111Τ. 11, 799
Decimum& 11,2. 277 111711711111.11,777

DoeipmnT. 111, 712 1)1(111111’1’.1,749

Ι1111ρ117.11,4. 19 111111111Τ. 11, 77. 717. 1, 172. 741. S.
DecipitT. vii, 297 111, 4. 74. 11, 7. 77, 11, 7. 21
Decip 111Τ.’ 111, 779 11111111Τ.11,727. 7,11,7. 19
1111111171, 7. 77 1117111117.·1,2.121,1112142
1111117111ῑὲ. 1117111 1117111117, 11, 7. 71

Dedm'r. 1111774 1117111117.Ι 11, 1. 47

 

