o'xlii rrrorx

1101011018.ἰί,108 01110111. 11171. 1, 041. 111080.
Moror. 1110. 011. 110. iv, 010. 110101. 1.,111. ere. x, ror. rr,
011. 000. 111, 404. viii, 170. x, 080. 007. rii. 808. 811, 0. 80. v, l. 170
1180. 8. 1, 1. 01. 11818. 1,1. Μο111010811,1.140. 11118
107 morienti· Τ. 1, 818. 808
1101110811, 008. 1, 400. 111401. 11, 1100110121111. 1111, 80. 480. 11,
770. 1, 704. 11847 ’ 780
1110111110 T. 111, 81 noricorum T. ii, 074. 11880. 1111001
1101101118111,8.00 Morientur T. 111808
01011011 Τ. 1840 1001110811, 870
1101111111 T. 1, 000 01111ἶο1 Τ. 1001
1101101118110. 110 1111011181, 088. 11047
1101101011. 111, 878. 11000. 8.1,8. 1101101111608.11,047.8.111.810.
817 1, 0.(10
Morari Τ. 11, 878. 111 018. 11, 708. 11, 1101101111 Τ. 1, 1oe
100. 8111810. Α. 11841 1101111101. 111070
11011111 T. iii, 001. S. 111, 0. 48 Moruni· Τ. 11, 08
1110101 Τ. 111, 400. 111177. 1, 741. 111, 1101111010] Τ. 11, 018
100. ix, 087. 1100. 11, 801844. 110ιί101018.11,4.4
800. 11111. 004. 8. 1 1. 08. 1, 4. 01. 1101111111. 11, 400. 8111, 8180
Ῑ,2ο“ι Λα 1, 120. 11, 198 uoto. 1111118671 118, π. 8, nl· xi,
110111 T. 111, 048. 11448. 111808 108
111011111“.11,141.107 110111. 1, 1001188000. 11, 88. 088.
1110111011 Τ. 11, 101 11108. 748. 778. 807. viii, 877. ir,
1110111018. 11,0.111 800. 180. 111, 818. 074. 8. ii, 1.
8101111111. 11181. 8. 1118. 104 104. 1, 1. 108. 1, 8. Μ
Morbi T. 1, 1110 1101110018. 11, 18
Morbi· Α. ii, 440 110111 Τ. 1000. 008. 11, 844. 11807.
Morbo 8.1,4.111 11,004.1,410.8.110.0.1,8.8
1001001811, 1.810 Μο.101Τ.1,100. 111110. 8. 1, 8. 70
Moram· 818. 07 11011111Τ. 1, 810. 010. 11, 140. xi. 884.
110100 Τ. vri, 110. ix, 100 111. 1. 0, r. 011
mordetur 8. 1114. 78 horula Τ. 11, 770
More T. 1, 880. 041. 11, 808. 008741. 110111111’1“.11,08. 111, 808. 111,οΜ. 8.
· 11,848.400.1,100.840.488. 110. 1,8.00
810. 077. 111, 1811. 800. 488. 008. 1101·1111001Τ.11880.111084. 11, 000.
10111111. 01010010. ι, ror. .01,111.ι.000.0.1,1.111
82⁹· 81088010. lupam· So 17, Μο418118Το18131718881 s· '9¹¹ ¹⁰
4.10. 1880100. Δ. 1880. 11, Mora T. 148. 017. 11081080. 18,
800884 4104. 1, 811. vi, 800. viii, 187.
linostimos. 1,008.11,711 418048018780. 11, 00. 040. x,
Morantur T. 1, 100 870. 718. 700. 11000088. 111400.
011110101οΤ. V, 1101 Tm· 81118110· iustu„- Vp 1180
Mam T. 1888. 1, 888. 11180. 810. 178
111, loo. 001. 818101. 111. 108. 11011101. 11007. 111, 70. 108. 1, 040.
11, 8. 80. 111188. 104. 111100. 111, 11, 408. 1111, 087. ix. 707. 1, Μ.
807. 1118100. 11080. 11, 7. 48. 418. 11800. 008. 111, 784. 810.
11, 8. 07. 1,1.118. mn. 1, 8. 01.11,0.77.111,1.178
⁶¹⁸ ln· Ἀθ· Α· 18 ⁷⁰¹ 111 lu Mona T· 78, ⁷⁹⁸· Vffi, u· {istosne
Moretur T. 111, 000. 11, 111 8. 11, 7.181. A. 1, 484
MNT Tr 111, ”sn Tum 718811 13, 110111Τ.1,080.080. fimu- Viam·
ror. ..1001111001110111 11111
1. or. ..110 11001111. r, 11. 111. xi, 111
Moriar. 111087 uanior. 1, 100. 11048. 11, 880. 418.
1000111111. vilaro. 101111 111 oro. vr, 111. 1000. 01111.
11011110ῃά01. 11. 840 ix, 880. 401. 000. merl. nm.
110110104οι Τ. 11, 407 817.080.004. 11, 010. 080. 710. 111,
11011004 81110110. iv, 1. 80. 1,1. 417. 070. 8. 11078. 104. A. 1, 400
04 11010011. 11400. 11408. 101040. 0.

 

