ιιι 11111111. cxxxvii

8111181, 188 888. 11, 889. 111, 881. 8111118118. 1, 198. 1111, 88. ιι, 888.
888. ιι, 188. ι, 898. 818. 111, 188. 111, 888
888. 11, 888. 1,888. 11, 88188. 8111111118.11,888. 8.,18.181 ·
818111, 189 881 8,11,8. 18. Δ.1, 1811111188, 888. ἰι,888. 11, 888
488811 8111111118.11,488.11,888,8.1,.8
Memfim 81.1....1182Δ,188
8811111181 Τ. 1, 188. 11181. 1,818. 1811111811,4.88.4.11,818
11,88.111,888.8.111,1.81.11,.8 8811111118. 11. 898
81..Δί,888.888 811881811888181182811188
86etuendunT.'⁸ ιι, 188 ιι, 881. 11, 888. 1111, 81. ι, 898. 11, 888. 111. 888. 8.
1,12 11,.ι11811,...’1184.41,..1482111
1811111118· 1,888. 11, 888. 1111, 891.· 11, 88
11,118. 1,.898 8111, 8. 89 8111111811, 818
8111111188311, 188. 81, 8. 118 8111111181, 198188. 11, 888. 888.
Mennim. 11,881 888.111,888.ι,181.11, 888. 848.
8111111811, 888. 11, 191. 111, 812. 11 111, 688. 8.1,1. 88. 88.· 11, 6. 81, Α
ιιι. 1.ιι,ἰ ..111 11111 ιιι
81111108· ιι1, 8.1 mistum· 11, 888
Metam. 188. 189. 892.11,188.888. 81111118.·· ιι, 89. 11, 88. 818 1111, 199.
111,111.822. 818818. 11,842.8·18. 421. ιιι, 484 811, 2. 118. 11, 8. 88
888. 1881. 11,98..891 888. 111, ΜίιιιιιυΤ.111,888.11,888. 1,188.
89.118.118.1111,1288.11,98.11188111,811.8·.11,..8811,.8
1881811881. 888. 1,.14 822. 888. 88.· 111, 2. 241 11, l. 88. 86, 888
ziam. 111,11..888 8.1,..8881,8. 8111111118.1,188.111.888.8.1,.888
88.11,1.188.1,.188.1,.818.188.11111118.1,888.11.888.1ι,118.811.
v..⁸218..Ai,1'⁸6 1,888.11,.119111,81.11,.88881.
8181111118. 1, 8188 881
84111118· ιι, 184 1411118181, 1.219 .
mammam 8118. 48 1811111111
181811111811, 889. 11, 814 8811881118. 111, 881. 1,881
Μ1οιιΤ.1ι,188.888 111111111118.11,888. 881. 86
811111 T. 11, 199 Μ·111111111Τ.111,888.1111,489.1,884
8411111118.1,988 1811181118 1, 8. 88
Midas.i,6.166. 6216! 8118111118. 1, 818. 88. 8. 248, 1, l· 19
mamm -811111111118.11,..88881,1.88
uide-Tame. 1811111188η11.8.111,.188
1811811, 818 ministrasse 1, 8. 14
ΜὶςιπῦὴιιΤηί, 118 1811111811111. 111818
mes-i· 8.86 MinimumTst ι.ι,889
81191118· 111, 1. 88 Μ111111818··111,888
Μί1α8.111,188.188.1111,111.818.1,Μ111111118.1,898
119. ιι 88111881 818.8,11,.888 8111118111, 188. 8.1,.8888
18111118.ιι,118 Minoi 8.· 1, 192
Militem: ιι, 198 81111018. 1,188. 111,888. 111889. 888,
militani, 888 1,888.11,118.111.888. 888818.
Μ1111118.ι,2.8 vii. 28189. 881 888.1111,188.11,
11111811Τηί1889 ’ 888. 11898888 8111111.
111881111181. 8881811. 11. 89. 1,8. 181. immota-666
81111118.1ἰι,118.111,888. 1111888 18.111,8.88.111,1.198.111,8..88
Μ11118118.1,881.11,888111188.11,8.18,1,1.888.Α.1,888.829
1111188 Ι MinoremT. 1,8. 11, 188. 1111, 888. 11,
1811111118.11,1.188 888.888.11,888
Nullumst? .88811, 1111101118. 1,188. 1,.888 11,11.818.
Miqu.ix‚266 18118111811818111
Ϊωιοιιιι8.ι,8.118 88111881189911818
mmm· 11, 888 1, 88
88111118. 1,8. 11111811, 118. 11111. 81111011811, 818· 848. 1, 188. 8.··11,
111,888.888.888..811,8..18811, 8.1
8.19 111111111118311, 81811, 181

111111. 18 Tc. 0111. 11888188

 

