111 11161116, 111111

01111161,1ι·,666,,1666.11,166.1111,666..61,616
6.’1666 11,661. 1,.661 1116666. 0611111.111,666,1111,666
1,..,.61111116111..,..111161 661161.1.1641.1’11
6,1,666 061116611, 66. 6.1,66
0661161611, 6, 66 06111611, 1, 666, 11, 116
0611116111,11,16 0611111111· ιι, 166
0611616166. 11, 1. 16 - 0111111111. 666 ’
06611111 T. 111. 111, 18, 616 06111111.11,666. 11, 166. ι,666

’ 0111116161 T. 111, 661, 1, 661 06166661614111611161 8,11,6.166

0116111.1,666.11,181.Α.,1Ν 0111661141, 616
0611161611.ιί1,666 0611166666 ·161.11,.666 111, 1666611,
0116111611.1,666.11,666.661.111,66,166,661.1,666.1111,661
mm 6166116661. 06166666661Ἣ1666.611,6,6.16,
.,,6116.66 6.66.,,,116,.,6616116666
06116611, 666 06111616,1,6.66
0611611.1,4616.1,666.111,666.6.0611611116.11,6,16
111, 6. 1611 666 0611161661. 166. 111, 6. 616
06616161.4,1661,8.1,6.6.16 06116618,1,,6166
0661611836, 6. 66. 11,,666 0661666111.1,666
0661611161Τῖ· 111, 166, 1,666. 1111, 666..
11,,61,166.1ιι66.6166.1,’6.66,
068118·1.6141,661,·· 111, 6. ..6 111, 6. 66 R
0661111. 11, 6416 mmm. 666
66111116611116116 ι, 616. 11, 11161661. 111, ω. 616
1166111611,1,,611 666
0661161...νί166 111,666.ι,66.6.1,11611111116611.1111,11
44414444144644444616 ,4111414411,11,661,, lam 616 6161.
06111611,11,666. 111, 166, 1,66. 11, 1166111111, Ι,666. 1,66. 11,616. Tv,
6668,.1,.6.661661,.,6116116,1,66
’6111,6.166111.,,666 111,.666.11661(161.11,666.118,666,11,616
16611,11,6.66.66,1,6,6,1,6.1116166186,1.166
86 1111111...Τ,1’1ι,61
0666611. 111, 61 . 11611161.· 11, 666. 11, 66
0114166161,111,116.6.11,6.11,1, T. 116414164141414, 6418.41,·4ξ61., .111, m. 816.
1
² 0111116161,1111616 11661111.1,,666 11, 661. 11, 66. 111,

0616666611.4111,.,,.,666116666161 66.1111.,66611,1,ι666666,111, ,

mmmmm& 661,8.111,6.81
0611111111,1,661 RutenTTvATT

0111616611. v, 666. 11, 166 11161611, 1, 666

061111.,1611, 11,166.166.111,.666 1161111611.1,666 ·
,.666666,11,666,1,,666 111,11,11161661111.11,666

166 666 616 1,.66666,11,666.116116611164·1·,1,66.Δ.11,616
ιί1,666,..,..61,66661611,..6611111116116,11,.166
166161166111661111116111611111

166.·” 61,..6.116611,6,66.11,6, marim 666,,’,8,11166
66.11,6.66.,,,11111 MA& 11661616611,81,661,,16681818,6.6
0616166661μ666 ’ 11111111,1,66,1166611.,666111,66.
0616161611,111,666 m. 11,161,ι,616 »T,m. Tm.

decumbo 66
61116111,11,.,,,66616616.116,6111661611,11,,1661,661,116611

0611666611,11,166.611,..61681,.66 166Η616111,666.81,616661,
0111611611, 611, 11,6. 66 666. 11,,6666.11 16
Quinum 6661161666

ommam 1111611.11.661
061111611η1661.1111,66,611,,,16661616161.1,Ἇ6,11,..66666 Tam.
6.11,..,.616611666.1,.1.16.1,6 661,,111666.8.1,,6.161,6.166

166161... σι... 666... 61

 

