11 11111111. 11

custode T. 11, 676. viii, 66. 676 011111 Τ. 111, 474. viil, 667. 667. A. 1,
Custodem T. 1, 664 416 ’
111111. 1111 0111111111. 11, on. 11111. viii.
custodias. 1,4. 16 464. 6.111,1.141 .
1111111111 Cyrrhae· T. 1, 66. 111, 166. 466. 111, 664
6111111111. 11, 666. 1,164.666. Cyrrhae T. vii, 776
11, 446. 111,161.666. 6.1,1.66. 11, 01111111 Τ. ἰ, 668. 641
11111111111111. 11, 1. 11π1..1.11,11ι ·
166. A. 11, 66 Cyrrhum T. 111, 647. viii, 167. 8. 1, 64
0111111111. ix, 111 cythem'r. v, 111. 111. 1111. 11,
Cutis Τ. 1, 167. 1,661. 11, 847. sm. 4. 6. 76. 66. 111666
11, 664 011611111 T. 11, 666. 664. 1111, 664
0111111 T. 1, 647
0111111. 11, 466. 6. 1, 2. 46
01116116.1,6.16 6.

0 611161, 1.666 ’
,11111111 lm. 111. Aaou. 1.,111. 1.,11.

0111111111 111111.1.,σ11.111...111,
01111111. ..111 A. 1111111111. 11111. no. 11111111. siim.
im 111111. Aaou. 1.,1.1..,ι.111.

01111611 Τ. 111, 466. 1, 166 1, 6. 6. 68. A. 1, 6. 17. 74

0111111111. 1, 466 616111Τ.1,”616

1111111611 1111. m 111. 1., ιει. 1111.“11“1.1111111’111..,111
6. 1, 6. 46 61611 T. 111, 686. 676. 11, 616

11111. 1, 666. 111, 667. 6. 1, 6. 146. 61611Τ.11, 667. 111, 46. 11, 677. x. 466.
11,4.16 1161666766. A. 1, 6661666. 11,

cycni· Τ. 1, 641 666

C coos 6. 1-1, 4. 66 6161111Τ.11,666
yonn- T. 11, 466. 661 61611116. 111, 4. 46

Cycno· T. 11, 668 111111. 11, 787. 6111, 6. 61. A. 11,
01611111 Τ. 1, 667 146

0 don T. ii, 666. 1,666 nubi· T. 1, 41. 11766. 111, 161. 11, 666.
111111 Τ. ix, 167. 766 x, 644. 6. 11, 7. 66. 76 ,

C dom T. 11, 666 61611 T. 11, 666. 111, 66. 616. 111, 164.
ydoneos T. 111666 6. i. 1.66. 1,6.161. 11,6. 164. 111,4.
Cydonum T. 11, 666 6. 11, 1. 67. 11, 6. 164. 11, 4. 66. 11,
0111111 T. 11, 666 6. 67. 1,6. 167. A. 11, 166
Cynam: T. iv, 616. 6. i. 1. 64 6161111 T. 11. 66

cyneae T. 11, 668. 111, 167 6161111Τ. 11, 666. 6. ἱ,6. 167

01111111Τ. 11, 646 6161 T. 11, 668. 666. 6. 11, 7. 61. ιιι, 4.
01111111 T. 1, 666. 111, 74. 611, 1. 166 66. A. 1, 66

Cyllenia· Τ. 11, 66. 111, 64 61611 Τ. 1, 178

011161 6. 1, 4. 161. 111, 6. 64. 1,1.666 6111111. 111, 667. 766

Cymbe 6. 11, 1. 166 Dabuntur 6. 111, 6. 71

01116111 6. 1, 6. 71 6111 S. 11, 6. 66

0111611 Τ. 11616 61111 6. 1, 6. 166

Cyme 6. iv. 6. 66. v, 6. 166 61116. 1, 1.7 Ι ⁸
Cymodoce S. 11, 6. 66 1111. 1, 1. 67. ἱ, 4. 61. 111, 6. 166

Cynazin 6. 1,1. 614 61111 Τ. 1.66. 6. iim. 117

Cynosura T. 11.666 61111116.ί1,1.14
Cynthi A. ii, 6 Dalmatico S. ι, 6. 166111, 6. 66
Cynthi· T. 1, 617. 1,666. 111666. 6. 611111Τ.11,666. Α.1,466

1, 6. 668. A. 1, 666 6111111111 6. 1, 6. 14
Cyntho T. 11, 666 611111111Τ. 1111, 466

111111 Τ. 1,166 611111Τ.111,616. 1, 666. 667. 11, 66.

&primu Τ. 111, 644 161. 1, 666. 11, 1117.. 6. 1, 6. 676. 11,
Cyrene 6. 11, 6. 67. v, 6. 166 6. 64. 111, 1. 176. 11, 6. 41. 11, 6. 6.

 

