111111 111111- '.

11. 111· nm· ¹32⁸& 81111, 1111111,1”1,111,11,Μ.118,11
ΙῦΤΜῦἳιίἣῃσιωο mm· Α. 1, K
11111111 T. 111, 101. 1111801
11111111Τ. 1. 111 1111118118,1,8.1
,1111111118Ι 11, Μ. 11, 181. 111811.
11,118,111,1,188
levemur. 11, 111 1-
11111111.1,11111111111.1
801.881.1,111,118.11,11.8.111,11111111,11,11.11,811.111111 11,
1.01.111,..1101.11111,1.11.1,111,1,880
1111. 1111111111. 1.1,.1 1111111111111
111. 888, 11, 101 1111111111. 11, 181
1111111131, 118111. 111, 811, 1, 111111Τῦ 11, 111, 1, 111. 111,11.8.1,
⁸ ⁷¹⁸· VT, ’ωε ⁶³²· Μ· ω· ’101 u, ¹ m
81,1,110..181 8.1,1.111,111,1, 1111811111Τ.11,.111.1111,811
111, 111, 1. 111. 11,1.11, 1, 1,118 1118111811 Τ. 11, 880, 1, 11
,1111181111 T. 111, 181 1181111111 Τ. 11, 181
,111111 T. 11, 110, 1111181, 11881. 1111811111 T. 111118
101.ι,.8108,11111111111,,11111111111.111,001
10.11,8,18 111811111811, 110
1111111111, 1. 11. 11, 1. 111. 111111 landunum· 111, 80
sumni-a 1,1, 101 Ι,1111111Τ,1,111. 1111,111,8,11101
1111111111181, 188 1111111Τ.1111,111.11,111.111,Ι1.
1111111118.11,1.10 8.1,,111.11,,.1111,.118
1111111111. 1. 410, 811. 11, 111. 111, 111, 1111111111 Τ. 111, 11. 010
011. 11, 118. 11, 811. 811, 111, 180. 1111111111. 11, 1,11
801811. 1111118. 11, 18. 1881, 1111111118.111,1,10
818, 8,1,1.71.81.81.88.101, ii. 1111111118, 1, Mo
1. 71. iim-6. 1118811818. 11, 11111181111
1,11, 11,8.11. 11,0.11. 1,1.11, 11111118, 1,1.88
τοι lm· v. ,ι w· ’.4111 Δ. ip ⁶8⁸ mi T· 'Hi' ⁷⁸⁵
1111111. 11, 111. 1, 811. 811, 8, 18 11111111. 11, 881
11111111.11,111,ι,11.11ἰ,111 11111111.11,111.11,811, 1,101, 11,
1118111181118.111101 118.,11,.,..10111111881111.11
11,1,110.1,1,111.,1.11,111 111111,1,111111.11,111.1111,
111111111Τ.11,181.,.1101111,101. S. 18⁹.³r}.vi‚88...1192omoem
1111111811111111811 111,188.11811,.118111,181,8.1,
1,..8111.,1811,,181111 118,1,,.1111,,,111111,1.118.
1118111118.11,1,18,1,1.11 111, 11,10 (11.1,118118
11111111Τ,11,111.111,11,801,1111,1111111811,Ιο
m. 801. 11, 108. 1, 111. 181. 188. 1111111111Τ.1,188,11,111,1,181.11”1,
111,811,188.811.8.1,1.81,Αἱ, 1811111111111118
18811111 11811111111’1ἠ,1118,1111,118’
Juvenum T. i. 81. 808, 11, 111181, 111, 111111111111800
lustu· 11, ¹⁶²· m· V, 11911891 ΙᾹ1ῺΠ1 Τ· 8115981 Βιὶριιωι V, ¹0
818.11,118.111.818, 1, 111, 188. 10, A. 1, 111
s. 1,1 111111. 11111. 111, 111 1111111118
1.,11 11. =.1. 111 11111111. ..111. 11111111
1118181111. 111. 11,101. 8111. 111111.111,111.1,111.11,111111
11 1111,111,ι11,111.111.1111.1,.
11111111, 0. 81 11
111111, 1111. 1111,,11 8,.,1,1101 1111111,1,111. 111 110111 1,,11
A.'u; 108 111.111.11,118.818.11,811,811.’
11811188 1,18.11,80.,.111118111,8.1,.1
,1111111113 111, 101 81,1,1.18.88, 11,1.111.111, 111,
11111111. ι. 111 1. 11. 111. 1111111 111 11, 11.

 

