114 STATAUM.

Dinpmi T. 111, 41

1111911111 Τ. 11, 119

9111111111 Τ. 1. 619

Disponit Τ. 111, 191

Disponit: A. 1, 411

1111911111 Τ. 1, 1

9111111111 T. 1, 698

9111111911. 1, 491. 1, 148

91111111 Τ. ι, 889

1111111191 Τ. 1, 119

Dissiliunt T. 1, 86

Diuum. iv, 111. ,11,111

9111111111 Τ. 111 99

9111111111 T. 111119

Dinis-ilis Τ. 1991. 111111

Dinimulnnt A. 11 11

9111199111 A. i, 618

9111199111 Τ. 1111, 991. 111, 981. 996

Dignum T. ix, 811. 8.1,9.14. A. 11,

Diaimulatn· S. 11, 1. 44·

9111191111911 T. 11, 991

91ιὶρ11 Τ. 111, 114. 8. 111, 9. 91

91111119 11, 649

Dia-otim Τ. x, 61. 8. i, 1.19

91116111Τ. 11, 999. 1111111. 8. 11, 9.
114. A. 1, 461

9111ο111Τ.11, 999

Dim-det T. 11, 161

Dimittat T. 1, 996

11111111. 11, 919

11911191 T. 111, 899. 8. 1, 1. 69

Dim 8. 1, 1. W

911111 8. 11, 9.9

1111111191 8. 111, 1. 99

1111111119 8. 1. 6. 41

maim T. 111, 19

Distinguam T. 1111, 111

9991111191 8. 11, 9. 89

Dbtinmt Τ. 1, m

9111111111 T. 11941

9111119618. 11, 1. 19

9119193111 Τ. 11, 149

nimiam A. 11419

1111111111 Τ. 1,499. 11199

Diuum T. 11, 999

mma T. vii, 111

91111118. 1, 1. 169

1111111. 11,11. 11, 919

911111 T. 1,199

Dite S. 11, 1. 14

Ditem T. 1111, 148. 11, 991

Ditem 8. 1, 1. 49

mm. va, 111. 1111111111.

198. 1,1. 49188
mn· Τ. 11, 191. 111, 991
91111 Τ. x, 144
1111111111 Τ. 111, 111. 1,181
911191 Τ. 111, 481. 8. 11, 1. 191

mul Tu 111, Tu· ΙΙ, TA

91111 A. 1, 419

11111111 8.1,9. 11

11111Τ. 1, 88. 999. 11, 116. 11,146. 191.
199. 11, 911. 1111,111.911. 11, 184.
999. 911. 1. 611. 11, 191. 499. 8. 11,
1.118. 111919. A. 1, 1. 698

Β1,ΕΤ1111,2891 Τ, m· 11, ln· m·
Χ, 981 195791 s. Aiiac 191 A.A‚m

911119 T. 1, 99. A. 1911

Dimum A. 11, 116

1111119111. 8. 1,4. 19

9111111111. 11, 994

9111111 Τ. 1,119. 111, 9. 11, 919. 111,
18. 911. 1111 114. 918. 499. 449.
698. 961. 1899. 981. 111, 164. A.
1199

Diversis T. 1,194. 8. 1, 9. 948. 11, 9. 16

91111191“.111,989. 8. 11, 9. 6. A. 1, 114

Diversum T. 11, 111

Diversus T. 11, 118. 111, 199

Dim T. 1,199. 11, 496. 11999141.
1, 64. 199. 111116. 111999. S. i,
9. 966. 1419. 1999. 111, 1. 91.
1119. 119. 1111. 141

9111 8. 11, 1. 91

1111111118. m. 94

Dividere T. 111, 169

Dividit 8. 1, 1. 91

91119111 Τ. 11, 999

9111411 Τ. 1,191

91111191 Τ. 1111, 499

Dividam Τ. 111946

Divino Τ. 1, 491. 11191. 8. 1, 1. 111

9111111919 111, 819 ·

DATA. T· 11 “To 111, m· T, 7241 {So π’.
xii, 916. 918. 8. 1, 1.94. A. 1119

Divisere Τ. 1994

91111118.111,1ι19. 111, 9. 64

’ 9111199111411

1111111111. 11, 988. 111, 198

Β1111οΤ1 '1 ⁸· 118

Divitia 8. 111, 1. 88

Divitias. 119. 161. 11, 1. 11. 1, 1. 99

91111111 S. 11, 9. 69

Divitis T. 11, 199

91111111 Τ. 111191

9119111111. 111, 196. 499. 11, 991.
1, 911. 199. 1899. xi, 489. 8111,
1. 111. A. 11196

Diumo T. 1, 198 ..

Divum T. 1, 198. 969. 961. 616. 111, 99.
661941. 1,169. 11114191. 111
169. 411. 114. 1111, 16. 191. 11, 4.
611. 161. 816. x, 119. 191. 619686.
11, 191. 148. 491. 111 41. 499. 644.
8. 1, 1. 99. 111, 1. 194. 111, 4. 19. 94.
11,11. 99. 1, 6. 114. 994. 1, 4. 1. A·

 

