οι ιιιιιιιιι

ΝοιιιίΤ.·“ι11,522.1,795.5.1,4..59 415. 1, 457. 744. 111, 274. 1111, 55.
11,5.21 152.,1557.11,55.751,555.1,
Νοι1111Τ.,1 575. ιιι 227 755 51, 5.24.111,5..155 11..,145 11,.5
1.159 121. A. ι, 215
Νοιιτβ.. 151.11,274.11, 25. 11, 515. NovimSiv, 4. 75. 1, l. 55
111. 255. 5.11, 4151 ΝοιίιιίιιιιΤ,·ιι.557. 1,475.11,151.
Nom: ι, 525. 11,115. 1,558. Si, 11, 141. ,111551
1.15.11.1,555 Νοι1ιιιιιιιιιΤ. 1111, 555. x, 515. 11. 445.
ΝοιίιιίιιιιΤ.1, 751 5· ni. 2. 55. 1, l. 175. 4.“· ιι, 151
ΝοιιιΤιι7115455511,515,11,Νο111Τ1,555.5.1,..217511,..59
159.155.,.1112.24511..211.,11 1,.155 -
147. Δ.11,555 NovoTfi ι, 555. 11, 54. 11,.2 111, 472.
ΝοιοιΤ.· ι, 255. 454. 11, 55. 111, 455. v. viii. 1⁰. 11, 157. 111,145. 554. Si,
555. 11,945. 111, 721. 5.1,112..1 ιι, 14151ᾙ, ιι, 1. 5. 11,251. 11, 5. 22.
4. 4 1,557
ΝοιιιιιιΤ,· ι, 151. 1111,525.11,550.11. ΝοιοιΤ.1,555,111,275.444.554. 11,
555, 5.1,..15111, 2. 45 . 575. 11, 457 579 741. 111. 555. 5,ἰ,
ΝοιιιΤ.11,455.111.29.11,.,4211455. 5.9.51.111,,.1555.1,5.11,.55
11, 555. 111, 551. 11, 114. 5.11,5. 155
25.111,2.124.11,7.15.Α,1.547 ΝοιιιιιιΤ. 1111,.5 1,155. 11551 5.1.
ΝοιιΤ,1,..25241555..555 11,22⁰. 2.1551,1.242.1,.555,Α.1,555
755.111,445.454. ιι, 247 445. 1, Νοιιιι’1·.ι, 141. 11, 41511, 577 752.
255. 425. 451, 11. 59. 545. 111, 744. 1, 455. 595. 1114555115. 554. 555.
151151. 155575ιι,255,255211 5,1.5.55. 11,5. 1⁰. 1112125154.
195 2554511755, 11,552. 111, 11,.455.11,5.7.Λ.11,145
55..555 5.1,..154 1,22.,15 1,’14 5111157545455455455 ιι,55
17. 1, 5. 55. 11, 1. 85. 152. 111,1, .155. 525. 552. 714. 111, 415. 577. 11,
177. fimf. 111,4. 45. 51155, 11, 155. 1, 55475. 755 1127111545.
2. 5. A. 1, 155. 11,79.127.255 viii, 15159. 151. 2111. 219. ix, 45.
11011511 Τ, 111, 115 554,1,1,54.192.11.751.111255.
Νο1ῑΤ.11.455.,..,.1185299111795 5.1..542.1,5.5511,..51715.Λ.
511548125551555 1,.19511,.144252.252
1151115115.51111111.ιιοὶωι. 1, 5.57 111, 545
129. 11, 2. 95 · ΝιιιιιιιΤ.·’ ni, 257
ΝοιιιιιΤ. 111, 515. A. 1, 55 1411111511. 145
14111111 Τ, 11, 455 Noni· T. 11,555
110111115.1,1.251 ι Nube Τ. 1,124. 11,155. 111.525.515.
11111151, 4. 22. v, 5. 71. A. 1, 557 11, 554. 755. 555. 1,251. 255. 457.
Nom T. 1,111. 1111, 551. A. 1, 415 11, 255. 412. 557. 111. 755. ἰῐ. 120·
1151111511. 7,5 175544. 1555. 5.1.5. 1⁰⁰. 1115.
Nomas A. 1, 175 147. 11, 5. 75. 1, 1. 152
ΝοιιιιιιιΤ. 1555 Nubem Τ.11, 521. 11, 512. 729. 1,555.
11111111 Τ. x. 225 111, 115
Novem Τ. 11, 5. S. i, 4. 77 Nubentibus T. 11, 259
Novem 5. 1, 2, 4 5111511511. 5. 111, 257. 1. 594. 111425.
Νο1ιιιιΤ.111,555. 5.11,1.19,1.Α. 1, 1111, 255 559. 11, 455, 1, 251. 527.
551 574. 575. 514, 11, 42. 225. 111..5 5.
Novercn'l'. 1, 555 1,.,·575 11, 1. 22⁰. A. 11,557
ΝοιοιοιιΤιι 572 5.11,1..45 111,.1 Νιι11511Τ.1,·,255545. 111,5..155 1,
47, 157. 1, 5. 45. A. ι, 18⁰ 545. 11, 472. 111, 559. 555. 555. 715.
NouercalesTA 111, 177, S. 1, 2. 119 5.111,1.72. 11,5. 157. 11, 5..2 A.i,
Νοιειοιιιι S. 111, 1. 22 455
1101111115. 1,2. ⁰⁰ Ν151111Τ.1,155
NovemTss ιι, 94. 111, 475 Ν1511ειιιιιιΤ. 111, 744
ΝονίΤᾙ ι11, 152. 1, 595. 11, 221. x, Nubige nae'l'wvAoe
255, 5,11,1.5.14, 11,5. 15. 11,7. NubigenuTssndffl. 5,1,2,151
5. 11,· ιι, 255 11151113..ιοι.ιιι,ιι1ιιι.ιιι.ιι,
NoviesT. ιι, 451. 11, 255. 111, ⁰2⁰ 55, 55157. 111, 455. 455. 545. 557.
115115, lomus. ιιιιιι. ι.. ιιι. 1., ιιι. ιιι. ..111, vi, ιιι. ιιι.

 

