111 1111111111. χοὶ

ΟῗὸωΤ. 1111. 898. 498. 11, 188. (11111111. 1111141. 111891. 11,819.
1181889
ammaus. 148 811111 Τ. 1889. 1188181. 111, 819.
0111118118.11,1.181 888. 819. 11,148. 11888. 11188.
8111111111111. 11, 1. 81. 11, 8. 849.1111,888.1,4.11.184.111898.
80 Tw- S ipo· ⁸⁶0 TV, '⁸⁴⁶0 iffi& 8008
omma 1.,1. 11. ..1.11 ..1.111. 111111. 11111
(11111111 Τ. 1, 488. 11849. 111818. 8111111118. 11888. 8. 11,8.18.
xi. 448. 111888. A. 11881 1, 1. 819
81111111 8. 11,4.81 Gentibus Τ.111, 181. 848. 888. 448.
wama-¹⁰⁸0 Aufida ⁴⁰2¹ TV, uonstp 8781818887· 0161
0111111811Τ.111,818. 1111111. Α. 111188. 1111818. 1111. 8. 1, 8.
1118 188. Α. 1, 891. 11, 411
mmmm 81111111 T. 111141. 11818. 1111489.
(111118118811888. Α. 1119 1, 819. 111, 898. S. 11, 8. 9. 1118. 1.
(inim. 11, mm 11, 414 111.111.1.11.ν.8.111
0111111 1888. 11888. 881118. 11, 61111111 8. 1118. 89
111 11, 111. 111 11111 111111. 6111111111, 111
488. 1898. 8.11,1.88.111.188. 01111111Τ.11,488 ,
. 1111 Genuum· 1. iv, 111. vi, 111
Genitali 8. 11. 8.,88. 1, 8.19 (11111111 T. 1, 188. 11, 188. 1111191
Geni-Tb T. 111, 898. 888 81111111, 1118. 11, 811. 488. 11, 88.
camma. 111 111. 1111111111. 1111111.
8111111. ἰ. 81111. 1. 11⁶. iiim 11111111. 111111. 11111111.
111. 1.,111. ..111. 1111111. 111. 1111111111. 111 111. 11.
111, 118. 8118818188. 1. 888. 888. 118. 881. 818. 148. 8. 11, 184. 11, 1.
181. 1188481. 8811881. 149. 111, 88.111,8.48.11,8.18. 1,8.99. A.
81. Si, md. 11, 198. 118. 111, 8. 11181
898.11,8.81.1,8.81.1,8.8.81.18. Genu T. 1489. 11411. 889. 11811.
8888141 1, 8.11. A. 1, 81. 188. 81189
818. 11, 188888 8ω1.1“.ν,111.11,111.1111,111. 11,
omitum Τ. 11, 41. 111111. 8111, 8. 48. 1, 988
199. Α. 11, 818 6111111118.11,8.98
Genitori· T. i, 898. S. 111, 8. 89 Gonni Τ. i. 18. S. 111, 4. 49
(1111111111181. 811818 (11111111 Τ. 111818. 1181. 8. 11, 1. ·
8111111111. 11181 81. 81. 111. 8. 119
008881188Τ.8,8881ω81 1881888· ivam· Gemuit s· 111, 81 1181 T, 8. ”l- A· T,
1,118. 11, 1811888. 11111111. 889
811814. 111181. 888. 11. 881. 888. Genus Τ. 1. 848. 811. 11, 818. 818. 111,
8081808· Χ1 Tm· 8011 Χ81Μοῃῦ· ''T-2⁸⁶· Rm· wl- 11893. 111,
848881191. 111. 181818. 818. 191. viii. 891. 1, 888. 11418. 111,
1111111111.11111111. 1111111. 111111 11111111
188. 1,1.88. 1, 8. 88. 888. 11, 111111. 118. 144. 11, 8. 8. 1, 8.
148111. 881888. 11 891. 898. 111. Α. 1888
881 GmT. 11898
Genium 81, 8. 81 6111111 Τ. 111, 891
(1111111111. 11, 818. 11188. 111188. 8. 61111111 Τ. 11, 118
111111. 11111 111111. 111111
Genium S. iii, 1. 88. 11,8. 19. 111. 14. Gerebat T. 11119
111 811111111111111. 11111. 11,
81111111, 888 11181818
θω1.111.111.111. 11, 899. 841. 8111111111.1,88.11811
88811108. 1111898. 11. 819. 11, (111118181118
891. 111818. 81118118. Α. 1, (1111111118111188
mm (81111 8.11,8.149. 11,4.1
611111. ii, 888. 18, m. 11, 888. 11, 611111 111, 899
18. 111, 881. 11889. xii, 418. Si. (1111111481

Mo. 11, 889. 1, 8. 188. Δ. 11, (111111. 11888
188 8111111188. 11814. 11, 18. 184 ⁴

 

