111 STATTUM·

1111οΤ.1,104.140 · ·

Remum A. 11,·00

Remi T. ix, 018

1110110111 Τ. 11, 780 ⁴

Remnbnt T. 111, 40. 11, 048

ΒΕΜωΕΤ11Ὶ,ωῚο 11,Μ5

1110010818. 11, 1.118

nemmem 11, 481. 111,104. 8111, 8.

1110111110 A. 11, 418

1110111111Τ.11,88

1111111001. 111, 088. 111, 480. 11,

1110110101 T. 111111. 8. 11, 7. 84

111011Τ.1,878. 111, 140. aii. 7. 00.
1, 0. 18

11101131οΤ. 1, 848

1111011101. 10080

Renigan 1. 1., 1. 111

1100101111118. 1, 0. 87 .

11εέ111111ὶο11. vii, 111. 01111111.
.1, 1. 004

Ι111011ΤΙ 11, 808. 8. 1, 0. 87. A. i, 400.
880. 11, 00

11110111ωο1 A. i, 810

Romaiu Τ. 1, 00. 11, 808. 111, 810. 11,
088. 871. 1,111. 8.1,8. 48. A. 1,
818. 11, 180

111011111Τ.11,80. S. 11, 7. 80

11101111οΤ. 1, 800. 11, 800. 1, 077. 8.
11,8, 88

nemim T. 111, 00. 1111. 818. 11, 84.
181. x, 778. 811,0. 10. A. 11, 44

1111011101 T. 11, 001. x, 870

11111011ιο10 T. 1111800

3101111118. 11, 0. 4. 88

1110111111.11,1. 18

11εωὶ8001101 8. 11,8.1

111101111οΤ. 1, 717

1111011111 T. 111, 881. 8. 11, 1. 87

Mai s· V, ⁸0 m

1111011111 Τ. 1111, 488. 000. 8.11,8.84

1110118101 Τ. 111, 00

Remittunt T. x, 180

111101οΤ.11, 880. 81114108. 1,8.187

1110101111 Τ.1, 807

Βωωτ..,11111,11.111. 11.,1.
40. Δ.1, 00

11101011Τ. 11, 801 Δ

Renum T. 11, 000. 1, 474. 811,8.00

11100100 1111, 88. 870. 884

Rumon T. 11, 048

RQ 1811. 8ἥ1ῃ41ω,

11110 T. 111108

1111001Τ.1, 700

&munt 81 V, l· 1⁶³

11101111 T. 1111, 014

&mamistam

” 1110111101 T. 111, 8110 ’

1110111018. 1, 8. 88

, 8101111101 A. 11, 818

11801108. 11, 8. 160
1111101018, 8. 1114
Renum S. 111, 8. 184

< 1110111101 Τ. 11, 780. 111, 888

1110141111 Τ. 1, 880. S. 11, 8.7

11οηί1101110 Τ. 111, 087

1110011110 S. iii, 1.174

1111οο111181 Τ. 1, 110

Μῦνηντῦμωῦο 81111181 ¹⁰¹· TV,

11108111 S. 111, 1. 1

1110010 Τ. 1, 408

11100111810. 188

1110011 A. 11, 008 ,

Reor Τ. 11, 187. 111, 18. 1, 178. 480. ‚
111,11. 084. 1,881. 111, 048. A. ii,

11101010 S. 11, 4. 41

1110111111 T. i, 800

Reparatur 8. 11, 1. 11

1111111111 Τ. 1111, 77

Repellere T. 1, 088. Α. 11, 488

1111111111 T. 11, 848. 8. 11, 0. 108

111,)111111. 11,(10. 11, 818. 8. 1, 4. 18.
111804

Reponitur T. 1111, 808

Repellunt T. 111, 810. 11, 480

1110108110 T. 11, 788. 11, 180

1110118101 T. 1111, 000. 8. 111, 0. 188

Rependere T. 111, 870. viii, 800. 8. 1,

Rependi T. 11, 80

Rependi· s, 1., 1. 11

1110111811 T. 111, 8. 1111, 841. 1,800

11101041 T. 11, 888

nepem Τ. 811, 86⁰· 8118581 81160

111011οο110 T. 1, 844

8101000000. x, 808

1111111111 Τ. 111, 804

1111111111. 11, 170. 11, 804. 11, 80. ι,

Reperti: T. ii, 147

11101110 T. 11, 087

1111111101 8. 11, 7. 8

Repertum T. 1111, 748. xii, 400
111,)εο7. 11, 784

1110111811 8. 111, 4. 88

1110111011. 111, 100

Repetit T. 11, 080. 8. 11, 4. 08. Α. 1,

11ιέ1111 Τ. 11, 841. 8. 11, 4. 87. 11, 8.

, 111011111οή. 11888

8010017100 Τ. 1111, 017. 1,700. Α. ii,

 

