- 111111 111111 ··J

1111111111 ,1. vil, 818 1....1..11·111 ’
11111111 Τ. iv, 788. 11878. 8. 1.8. 188 vovet 8. 1, 8. 884
18111141.111,888 1111111111
111111111. 1111741. 8. 1, 1.]18 ’ 111111. 11, 144. 818888 ,
volui ’11888 Vox T. 11111111. iv. 478. 1848.
1111111. 1148 887. 848. 11811. 1111111111. 1,
volvit T. 1884. 111, 848. 11, 888. 111, 478. 88811, 881. 811, 1.48. 11, 8.
88. 1181. S. 1, 4. 8. 118118 48. 1111187. 1,1.171. 18188.
1111111111. v, 888. 11 848. 11. 818. 188. 1, 8. 81. 88. Α. i, 888
111. ..111. 11111. 1. i, 1. 111 11111111.νί8111
volumina T. i, 881. 888 11181111 8. ἰ, 4. 8
11.11.111.1..,111 1118111111 8.11,8.8
νο111118Τι 1111, 2⁷⁰· Χ, ΜΤ· {Tam-dm Urbe T· 18, ⁴⁹⁸· 111188. V, m· m·
1111111111 T. 11 18. 11, 888. 11, 88. 8. 1, vii, 818. di. 481. 811847
8. 88 111111111Τ.1888. 888. 11881. 111888.
111111Τηί1118 888. 11888. 888. 188188. vi.
1011111181 Τ. 111, 888. 1888888. 11, 18. - 118. 111, 148. 881. 448. 488. 811. 8881
111. 111. 11111111. 111. 1111. viii, 111. 1.,111 1111111111.
111, 48. 8.,1, 8. 8. 88. 1, 8. 88. 111. 7118118111111. 11818888. 8.
18. 11, 8. mu. 148. 11,4.1. 1118. 18118181. 1,4.81.’ 11888. v,
18881888 , 1.888.Α.11,88
1.111...1·.111.111 1111111111. 111. 11 111. 111111
111111111111 111. 111, 11111. 111 111 1.,11.
11.1111ι11.11111 878. 11, l. 817. vii, 88. 188118. 111,
votum. 1. vi. 111. 1111 · 1111111. ,1.11. 11. 1111. 111.
ν.1.1111..1.111.1.1,1;11 111. 1111111. 11111. 11111.
Volvuntur T. 1111711. 11. 888 11888. 11888. v, 8. 87. v, 8.’
18111111811188. 11, 118. 488 888. Δ. 1, 418. 11, 118. 888
1111111111.1,888 1111111111111111. 111111. 114.
1111111118. 1, 8.1. 88 18
1111111. vi, 888. 11, 884. 8. i. 1. 88 1111111111. 111, 87. 11, 181.·888. 1111.
Vonex T. 11, 877 viii, 814. xi, 181. 188. Δ. 1141
1181118111.1,888. 111181. 11888. 111111Τ.11.4111.111.1,141.111, xii,
Vota Τ. 1 88. 888. 881. 11844. 111, 888. 81888. 88. 11, 8. 81. 1118.
881. 1, 8. uwel. 1188. x. 84. 11, 111. 1114. 48. 11, 8. 88
111. 111. 111. 111. 111. 111. xii, 111111. 111111
881484. 81888. 1111181. 11, 8811171111
8. 7. 118141. 1, 111888. v, 8. [1188111818δῦ
148. 818. Α. 1, 1441818 Urere T. 111, 888
Vota T. 11788 Ureret S. 1, 8. 88
1111111111. 1171188844. vii, 8111111818
814. 1111814. 11, 887. 184811, 111318111818884
111.1.1.1.11111,1.11 111111111111111. 111 ,
1111111111. 11, 4. 88 11131111. vii, 488
111111 T. 1888818118. 1188. 11, 148. Urgent T. 1. 888. 11, 488

’ 111. 1111111111. 111111. 111, 111111111111111. 11111. 111.

8. 88. 818. 1118. 8188. 11, 1. 84. 88
v. 8. 188188. Α. 1, 848. 11, 141 Urgentes T. vi. 888
11111118. 1118. 181 Urgentibut T. 11, 718. 8. 11, 1. 148
,1111111118118 81 1111111111. 84
11111111Τ. 11, 888 1111111111 Τ. 11, 488
1111111111 T. 11, 888 11111111..1,111.1.11.111
11111. 1111. 1,718..11,884. 788. 1113111. 111, 714. 11, 888
111111.1111111111111. 1. i, 111111. 1. 11. 111111. 111. 111.
. 1111. 111111 111111. 111. 1111. 11111
11181111. 11848. 1, 788. xii, 881. 8. 1111111111
i, 8187 11111 T. 11 18. 884. 8. iv, 4. 78
11111111 Τ. vii. 184 11118111. 11888. 11888. 8.1, 8. 81 . 1,
1’111111Τ.1111788 . . 8. 48. ii, 8.8

 

