1111111911. 107⁰

11·111111Τ,11,.90111,141 199. 11,.,..,,.9.191191991991
1111111111.11,999.1,919. 911941 91119
1111111911Τῦ 11, 991 , 111111Ιοὶ9111,111,999. 1111, 994
11111131,111.9.11,ι.1 1111111191, 9 91
111111111119,1,1,114· 1111111131, 9 94
11111111,1,194.999.11919, viii, 19. 1111111119111, 1.9

141. 491. 1, 44 11, 98. 111, 949. 9. 1111111111Τ.11,994,1,999

11,1.911,· 119. 19 , 1111111Τ,·“ιι,941.111,499.11,99,999,
1111111111,4911,.91 111, 9119911, 941.1,119,11,19111,09,1111,

999,11,,119111,449 9119191991911191119
111111111Τὶ11,941.11,119, 11999 111, 9. 14. 11,,114999 19. 999
111111111911111 119111111Τ,“11,999. 1, 49. 91999
9111111119. v,⁰⁰1. 111,999 1, HonoraeTfi1v,⁰⁰⁰

999,111,919,9.11,9, 19,1,1,149.111111119311199

1, 9. 99. A.'1, 911, 919 11119111111111, 999
11111111.ιι,111, 1111999. 111911 1111111191, 999. 1111, 199. 914. 1199.
11111111Τ,1111,191.991,119991,11,919,9.11,1.99.119,99,111,9.

919111999911199199119 149.1,,91911,.,919·19

99. 11, ⁰. 99, 1111. 199.·11, 9. 49,11, Honorem Τ.1,991.999. 999. 11,194.·111,
. 491199191919991, 999,,..19991111,.,999911,491,

999 9911991999.111194111491,
1111111111Τᾋ 1111, 994 119,9.1,9.11.111,1.199.111,4.19,
1111111111911Τ,111,999 11, 1. 49
11111.ροι111111111Τ 11, 419. 491 1111111111Τ.Ι ι, 919. 11, 99, 11,191, 990.
11ἱρροὰιωωΤ.11,949.491.499.499. 491919111999, 1191119119,

419 111, 994. 919. Si, 9. 119. 1, 9. 199.
9111911111111999999 1111149. 11,9.19. A.·· ιι, 444
Hippo 11119111, l. 91 Honori Τ· ι, 199. 11, ⁰⁰. 111,.419 11,
1111ροιικι1111Τ.1,44,11,199.1,999. 999.·ιι,199,111,9,149.199

999. 11994. 999.194.199. 914. 1191111911Τ, 1,141, 91111

111, 499 941 1111,144.11,91.199. ΗοιιοιίιΤ.“ιι,994.11,999·

109. 999. 994 914 944 999. 11, 199 ΗοιιοιιιΤ, 11, ·99, 111, 994
1111111011111111111 Τ,11,149.919.949.499. 1111911119,1,9.119, 11,1999

991.1,149,111,199.794 11111101Τ.1,199,919.499.999,11,199.
fflppo mefiontisTss 11, 194, 919, 1, 91 199. 171.911,11,199.198.991.141.
111 ppomenemS. 1, 9. 99 1919999. 11,191. 111999. 1111,
11111119111111999 99,.999 1949 949 111 11, 999.
111111Τ.11,994. 9111119 111, 99. 94. 999. 999, 411. S.' 1, 9,
111111911119 199. 949, 111,99. 11999. 119.
11111919.11,9.11 ⁰⁰. 111, 9. 94. ⁰⁰. 919. 111, ⁰. ⁰⁰. 11,
HirmAuipffl 1191271 ⁰02·st 1716135191. Τ,
niman ⁰¹, „a 8⁵⁹ ιι 101 ⁶⁶· T, 81 ”⁸2³2 V, ὕσῃ· A·
1111111111. vi, 111. 111, ximo 1, 111. 111. 111. 111, 111
1911119111, 111 11111111, ix, 101. x, 41111. 911

11111111 Τ.1,99 Hopleus T. 1111, 191. 1, 941. 999. 919.

111111111Τ,11,499 . 499
HMOS.⁰‚ 81691199 HonT.⁰,⁶n· ’1111181111861 8111. ¹·
Hominem T. iii, 141. 111104, 11,19. 9911919
111199991, 91191919, 111,9, 111111. 111, 419
19111419, A. 11, 199 1111111Τ, 1111, 919
1111111111.1,999.11499,111,999,1111111119. 11,.9 91
9.11,1.999111,,.9191,1..199 A. 1191119119,11·,,991
’ 1, 919 1111111191Τ.11,491.11,999. 111,919

1111111111Τ.111,999,11,999.1111999 914.·19. 11,..999 Δ,1,199,.919

1111111111,11,999 11, 999

1111111111Τ,·1,99,999. 1119911419, 11111119111,1,99,11,119
941. 1149μο4 111,199,1111,99,11111111111Τ,11199
999.1,199,999.11,999.919,111, 119111111111Τ.111,999

199, 990. ⁰⁰⁰. ⁰⁰⁰. 91 9 99 iit«. 1111111199Τ.11,119
191191. 147σ.9111.11111,9114. Ν

 

