111111 ’ · 1111111

7111111118. 11, 1.148 800. 11110. 811010. 111888.
7111110111, 400 1, 4. 18 .
'serpentibus S. 111, 0. 84 Tuti T. 11 841
Torpere A. i, 841 Totis Τ. 11, 000. 1111, 087. 708. 1, 004
Torperet A. 11804 Toto T. 11, 081800. 004. 11, 00180.
Torpet T. viii. 100 11. 480. 800. 840. 188. 11180. 481.
,1107110181 17, T· Ἡ· 7,.. ‘m 7111110. AX, ⁶8⁴·WA
Torpore A. 11408 Totos T. 181410. 11418. 111, 14. 11,
711111118.1,1.11 41. 11800. 111800. 8111188.
Tarquen· T. 1, 144. A. 1018 A. 1448. 11, 18. 11 .
TorquentT. 1, 808. 8.11,0.101 Totum T. 1, m. 800. 11, 000. 1, 888.
Torquentem Τ. 1, 700. 111, 800 008. 1111, 418. 11, 881. A. i, 010
Torquem Τ. 1111088 . 1011111100. 81118100 f
Totque· T. 1008 1110111111 T. 11,8 .
Torquet T. 1, 001. 111081. 11, 104. 711811111140. 1, 080. 8111070
1111 88. 1, 40. 411. 8. 11, 8.08 71181181018
Τοη110181,0.18 7111111118.11,0. 82
Torquin Τ. 1, 018 Tuben. T. 11, 104 .
Tenem T. iii. 811. 11,10. 1111, 710 Tnbes T. 11, 101. 11, 488. 1, m. 111,
’1111110181011 00. 288. 480. 81, 8. 80. 1111. 110.
1111111111. 1, 000. 1111, 480. 11, 008 11, 8. 01. A. 1, 44. 007. 111481
Tomntiuimu· Τ. 111. 818. 8. 111, 1. 00 71181811 T. 1, 001. 1, 400. 1, 114. 007
Torrentum Τ.118, 1.110 7111111111 8. 111, 0. 07
7111111 Τ. 1, 000. 111, 401. A. 1, 487 Tracta T. 11, 148
Torum A. 11, 008 7111110111 8. 1, l. 84
11111111 T. 1, 811 111111ὴί1111 A. 11080
Το111111 T. 11, 1 1111111111, 400
’Το1111111111.11,800 ‘ructare Τ. 11, 808. S. v, 188
’1111111111 Τ. 11, 400. 8. 11, 080 Τηο111111 T. 1111, 807
ΤοηίιΤ. 11401. 111814. 11,807. 11, 11110111, 084. 11808. 111170. A.
818. 8. 11, 0. 77. A. 11 181 1, 074 ’
Tum T. 11 400. 080. 111, 001. 888. 1, 71118111 Τ. 1111, 008
810 ¹ Tnctem T. 111108
7111118.11,0.48 711111 Τ. 11, 804. A. 18
1111111111 11111111111. 111884. 11080. A.
11111111814 1871114οΙ
Tum T. 1181. 180. 710. 11, 000. 088. Tnctun A. 11, 100
710. 11, 240. 880. 111, 080. 1111, 488. Τηοῑιίι Τ. 11, 178. 81110. 70
787. 11, 071. 800. 1, 000. 11480. Τ111118.111,8.Ι80. Α.1,141
111, 180. 870. 8. 111, 0. 80. 11, 108. 1111111111 Τ. 1188
11, 8. 80. 04. 1, 0170. A. 1, 801. 111811181180
400. A. 11 888 ’1111111 Τ. 11, 08
Torva T. ii, 007. 11, 704. viii. 707 Tradimus A. 1, 800 ·
Toni T. 1111808. 11, 881. A. 1, 80 Tradit T. 111480. 8. 1, 1. 101. 1, 8.
Το1111Τ.1,044 177
Totum T. 1, 100. 111048 Τ118111 T. 11, 800
101101. 1, 840. 11, 181. 8. 11, 8. 78. 1, Τ114111118.11, 1. 178
1.140.*,8.104.1,8.08 Tndo Τ. x, 880 ,
Torvus Τ. 11, 041 Tradunt T. 1111, 808. 11, 088. M, 488.
1111111111. 180. 8. 111, 1. 88 11, 117
1111111 Τ. 111, 04. 11, 140. 1418111, Τ11111117.11,440. 111080. 1111110
108 Τ111111111 Τ. 1, 48. 111081. 11, 184
“ ΤοπιιιΤ. 11, 411. iv, 080. 1, 001. 11, 111111111111. 11,100.11,48.701.
741. 11, 10. 080. 8.11, 1. 148171 A. 11, 880. 401
0111111111. 111111. 101. v, 114. Tnhentem Τ. i, 181. 11,111. s.ii,1.
1111. 007. 11, 70. 840. 111, 088. Sd, 108
8. 74. 1, 8. 41. 11, 8. 88. A. 17 1111111118. 11, 0. 70
’111111111011141811111 Τ11011811, 1. 47
1111111048. 111048. 1111, 018. 1, Trahi T. 1111, 704. A. 11808

 

