1. 11111111 811111 11111.·1.ι1. 11. 1981

1111118 ’11811118 11811811 1811881111 111118. 11811.

181118111311818. 81811188818 111881] 11118 811181·
811 Mu 88 fene] Α1 1118 81 gat, 811181111811181. 11811.

3188118181 18111181. 78188111. Bm 881 Expedit] Ad 1311181181 ρι-
11811811111818111181188111181811. 181. 1181.
Vagam-n. ‘Qut 8111118118 88718811]111181118.1111.
1118181811, Sepia· Α111118881818118 888 118111 818811] 11888 Partheno·
1181111118 81181813 118111. 1181118188 nervo. 11888.

888 11811181] 1118111181, 81111- 88818188]01181’1111818181111·
11181. 1181881. 1888181181181111.11818. ·

81881111 put 188 1111818 pum] 811 11111111111111] Ρ8118181111881·
Longo 11111 1811111188, 1181 11 88111· 111181 equum 1181818811. Idu.
111811811818118111188 1818118 1811 818 01188181] 1111188111811111111
188 181811 881811. oron. Ρ81818] 1111881881111, 11 11888118ιὶ11 111·
8118811, 888811, 81 8181111 8 Ρ81118- 1188181 1188188 ι81 1111111118 811
monheim. Iadat- 811118 11111118) lam

818 11111ϋ8801111101181181111· 881 11181818188188818888811811111
110111118111111181,1111111111111)1· notitam 111811 8111818 88811181·
818 8811111 1811 1811118 1111111188· 1181181881118118 88118111,81881
18111111 818118 eju 181181111811,18188811 111118181111. 11811. 111
1181818 8118 181118181 11811111811, 8181818 81188888 811818] 111118 (1118 8
1111881111 11111 81118 mm 111· 18118111 1118111111) alibi 11111 m
,1881811888 188118. 8811 μ188888811111818 811181

811 1818 ,18111 m] Ex 1118 1111811111, 1118 111111 11111118
88188, qnia 8811811 eju 111818 18111· ι11111111 1111 fluum Proserpina 181·
18188118111. Unde 111181. ‘vim- 1118811181111811181811 (1118111111
1881111118 8831111311811. 88111. v. etp. 18. 1118111118) 181

811 1188188] (11111188 111118. 11. 1111111 1188111]111181.Βι11811.

811 Fugiat 1181811118 8181811381] 881 188118118]1111118118.1181.
’11 susim 111 811 11 sincerioribus 88811181888811] No 8111181811·
1111118 181 1811811, necque 8188 181811811118111811811111881.
11113811 181 quod 8818111818· 8111111 1111818118 18 11811 118 1881·
1811 011811. 11. 88. mi regeque 811111888. 11818.
8111811 8 1818 118818 8111811818· 888 Dic 11818Π 11181188 11811181
1118111, 8118 181 precedenti 18181 18818181181181111881111, 11111818-
18111811111 ‘rem 1181118 18818. 118111811881111811111818111 111
1111118118 Eumne-dnm 11811888- 811188811818 81181111 8181181811.

que 8111811181. 11811811 1118 81 11881. 118118 aptum Am pm]
818111 1188118. vide Pausaniam 1111. magno 8111181118 8118881. quue

1111111. 611888. ’ 881111 8818 81118888, 111118818

818 8811818111] Dum 118188 11· 11181111181118 11188 188181, 18811118.
8881181181. 1181811188. 1818818118 8818818. 1188181111]

811 mmm 881118 8181118] Cir· 1111118111181118,111181118118111,
8811118818 11881,11888Ρ8111818· 81 1111811 111 11118 rapuerim, 188
111111818181118118 1111118 11881· 181 11 ipso 118111 111 1818111111181-
tu. 1181. eiusne 181181111111888111. 118811·

818 0111111] 11111111, 181 1881181· 8118 igitur 11811 11111111 1811811188
1111, 18818111 111118 Neptuni 1· 111818, 81 cogn: 11881 18181181 118·
1188 1111,11118811181111118 1181181 18818118 11111888, 18818 1181 ipsun,
1181118 11181111 81118 38118111· 18811111181,81118111188,11818818-

 

