111 emron.

11111111

1111111111 1111111111, 1111111111

466

ν..1.1..11,111.1.11,1.111 ‚

711111 Τ. 11, 166. 11, 446. 767. 111646. Ventum T. 1, 668
11, 661. 11 666. 6. 1, 4. 1661, 6661 711111 T. 11, 616. 111, 666. 1, 664. 746.

71111 Τ. 111, 6. 766

11111111. ..1.11. v, 1. rr.

vallibus T. 11661. 1,666. 1,66. 6. Α· 111116

1.. 1. 11. 11111

711111 T. 11, 661. 11666. 111166. 1111,

466

1111111111. 11111111. 111111.
17, 4661 6101 6661 71, Am· 71111. Ι,
mm. S· 1, 6. 66. 118. 261. 11, 1.

71111 Τ. 111666. 1, 467. 666. A. 1467 67. 11, 7. 46. 11, 6. 161. 1, 1666. 1,
7111111. 111, 446. 1, 41. 71166616. 6. 176. 676. A. 1, 166 ·

11, 66. 146. 146. 767. 6. 1, 6. 166
71111111 Τ. 11, 666. 111, 466
7111111111 T. 11, 144

7111 T. 11, 161. 166. 11, 466. vii. 766.
61651111, 641. 1, 666. 6 1, 6. 46. 1,

7111121476. 661. 111646. 11446. 7111611611 7. 61

v, 111. 1111. 11111. e ii, r. 111.

A. i. 66. 11, 667
Vena T. 1, 666
vanescentibus T. 1111 66
71111 T. iii, 666
Varo T. 111, 666
71111 Τ. 1, 666. xii. 666
Vanum T. 11, 166. 11, 666
7111111. i. 166. 11, 471. 661. 1, 116
7111111111 T. 1, 174
7111111111 Τ. i. 666
71111111, ru
Vaporem T. 11, 471. 1, 666. 6. 1, 6. 66
7111111 T. 111, 667
veperibus T. 111, 716
vaporifera T. 11, 716
vaporifera 6. iii, 6. 66
7191111161 6. 1, 6. 46
7111 T. 11, 661
71111 Τ. vii, 666
71111611 T. 111, 671
vm. 116611. 11111. 6. 111111
7111111 Τ. 1, 666

11111111. 11111 1111111.

1111651 7, ιο „le Α111,85,
61111 8. i, 1. 41
11111. 11, 111. .1,111.1.111,1.11

11111. 1, 46. 11, 66. 666. 11, 467. 461.
111111. 1, 616. 776. 111166. 6. 1,
4. 66. 116. 66. 11, 4. 161

Vatum T. 111, 466. 11, 61). 1, 646. m.
666. 6. 1, 6. 666. 1, 4. 117. 11666.
1, 6. 164. 176. 1, 6. 66664. 664. A.
’1, 16. 644

1161111111, 666. 776. 1, 666. 661. 617.
11146. 111, 667. 664. 1, 666. 666.
11, 646. A. 1, 166 ι

υᾱὶητι 111, ⁰8²· 1717661 71,1871 ΔΟ
1,164

1111111611 Τ. 1, 161. 6. 11, 6. 64. 11, 6.
66. 1, 6. 16. 74. A. ii, 666

· Udr T. 11666. 6. 116. 16. 11, 6. 66.

1, 6. 4. A. 1666
Udss 811, ⁰· 781 AB. ¹0 ω
Vecte 6. iii. 6. 76
Verum A. 11, 666

· 7111111 T. 11, 766

vector Τ. 111667. 6. v, 6. 666
Vectorem T. 11, 666

7111111. 1,716

vectum T. v, 466. 111, 666
711111 Τ. 11, 641. 6. 11, 6. 67
7111111 T. 1, 766
vehementior S. 1, 6.

711111Τ. 1676. 11664. 111661. 11, 71111117.111,766. 6.1,6.146

’466 111, 676. 1, 66. 111, 476. S. i, 6.

47. 1116.66. A. 1666

7111111116. 1111118
veherere 6. 11, 6. 164

71111Τ.1,166.616. 11116176. 1, 71111116. i. 6. 46. 111111
646. viii, 616. 666. 1, 666. 111, 176. 711111Τ. 1111, 667. 616
6161661646. Α.1166. 1146 711111Τ. 111, 441. 1, 667. 1161666.

711101 Τ. 111, 466. vii, 167. A. 11 166
varium T. vi, 466. A. ii, 176

711111 Τ. v, 147

71111 T. r. 646. 666. A. 11, 661
711111 Τ. iii, 111

711111 T. 1, 616

7111111. 11, 667. 1, 666

7111111 T. 11, 167

661. 6. 11, 1. 666. v, 1116. 661 -

71111111 Τ. vi, 666

Veiente 6. 11, 6. 66

78166111 1, 1961 17, 2⁵· 7, 1801 ⁴⁰⁸· ⁴⁶⁹0
71, 6816. 'iifl 1⁴¹· x, 6691 s· 7, ,161
1, 6. 666. A. 1, 46. 661

71116116. 11, 1. 166

Velamina T. 1, 66. 111, 666

71111111Τ. 111666. 6. 11, 6. 7. 11,6. 1111111111111. 1,66

41. A. 11, 616

Vmor. 1, 111. 11111. 1111111111.
114. Stat.

111111. 11 Tar. cru.

71111 A. i. 646
71111111 6. v, 1. 666

611

 

