111 emm.

81188Τ.· 11, 282 sumaim!
81111111.1,111.1,18.1.1,111 8111181111Τ.111,828
8118111118111Τ. 11, 181 8111181118.111,1. 188
8118111118Τ. 1, 278. 187 811111 Τ. 111, 218
8118111118111.2. 181 8111111Τ.111,188
8111111117. 111, 81. 1, 888. 111, 188 8111118. 1, 2. 17. 218. 288
811111111Τ.11,888.11,78.1111,878 8181118. 1, 2. 28. 218
8118111118. 11, 1. 87 8181111111 Τ. 1, 288
8118111811, 2. 7 8181111111 T. 11, 878
8131179181185.111111118181. 8181111118
11,188.111.887.721. 1, 822. 878. 8181111111Τ. 11, 277
1128. 1118117718. 11, 211. 827.’ 8181118811Τ.111,888
128. 182188. 887. 11, 82. 178. 188. 81111131111118.Ι 111, 2. 77
8.1,8..78 11, 2. 28. 11,2. 88. 1112. ΒίεΙΙὶΙΤᾸΙ. 1119
88 A. 1, 111 8181111118· 111, 8. 11
8111111111Τ.1,288 8181111188Γ11,8.11.11,1.78.11,8
811ς11111118.·,18. 188 88.1,.228 ,
8111111118· 111, 2. 118 8111118311. 7. 17
stagnis 8. 11, 2. 22. 81 sterilem T 11. 281
811μοΤ.· 1, 888 818111111111111118. 1,188. 11,
811811181118 82811118 8.11...1187281.111.’
811111111Τ.1,278.111,778.1111,18. 1.12.11,2.12.Λ.,11128
¹¹ 182 8.111,8 18.28.1,.1188 1, 8181118.1,8;12
888 8181111117.11,78.1,87.8.111,112.
81111111Τ.1111,118 “ 11, 8. 87
81111Τ.1,888.11,228.111,228.11,81811111Τ.·11,888
28. 81. 11. 281. 287. 282. 181. 111, 8181118811Τ. 1, 888
121. 111121. 182. 112. 818. 11, 178. 818118811811, 8. 88
1,188.178..888.882 11118111, 818118181Τ.1,211
11.118.8.1,1.18.11,2.18.111, 81811811811Τ.111,181
8.7,1.18. 11 81811818Τ.11,818.1111,187.11,818.
8111118111Τ. 11, 888. 11, 718. 111, 718. A 11, 188
ι, 881 8181181811 1111, 188
811111.1,181.1,11.111.11,.118 81811181Τ. 111, 28
118.111,21.8.11,1.78.111,2.128 81811111Τ.11,711 .
8111111181, 2. m 81811117.11,787.11,Ι78.1111,188.
811111811Τ. 1, 282 11, 282
81118111, 1211. 188818. 111, 87. 881. 811111881118
11,188.128.1111,818.11,882. x, 818111111Τ.11,88.888.111,81.818
181. 828. 781. 818. 11, 881. 888. 81811111Τ.11.118 111. 818
111, ew 8,, ΑΗΒ ,1.11, 181 8181111111Τ.111788 11, 288
81118188.111“2.82 81818118ωᾷ11,ῐά
8111811112 111, 881 steropas. 111» l· ¹⁸¹
8111117. 1, 88.8111.111..1.··11,118 818818811812181
811111111111111111,’.1111111.111..111111.1.1111.111 ,
178128. 882.781.1,281.171.888. 81818111Τ.11,818.1111,128. 11,171 ’

882. 11, 82. 282. 212. 882. 888. 111, 8111811118111, 1. 118
82. 1278111. 8181811111Τ. 1,888. 11, 878

8111.1,818.ι,111.11,111.8..,1111111111111811111811
.1.18 Α.1,878 8881111111488

stateras. 11,.8 88.11,8.18 81111118Τ.“ 111, 887

8111118.111,1.111 8111111111.11,811

811111’1.111,17.111,888 8111111117.111,111.111.1,1π. 8.

81111118Τ.1,118. 11,828.1,7111, 1, 8. 288
218..,...81818811.12 811118111Τ111818.1,882

881181181185118. 12 8111111111Τ. 1111, 88
811111 Τ. 8888 88111111111Τ.“111,·187
Statu 8. 1, 8. 88 8111111111 Τ. 1. m. 11, 188. 1,188

111111. .1,111 111111. iii, 111. 1.,811. ..111

 

