661 66666 ⁴

6666666161 661 166616Τ.Ιν,666. 1666. 61116. 6,
ιω... 111 666 66161666
6.......6116666 666666. 661
16666666 T. i. 116. 111661. 16,166. 61, benun· 816. 61
166. 611666. 611. 66 1666161666 Τ. 611, 116
1666666661. i, 661 lamium T. 6, 166. 8. 6, 1. 666
lacau 1. 11166. 166 lucorum Τ. 11616
1666616661. 1661. 11116 16666168.6,6.61
humum T· Il, ¹0 lma· V, 16 Iu
166661661666 8. 6, 6.1 166666166116 Τ. 61666
1666611 T. 11, 161. Α. i. 16 lumen 8. 16, 6. 6
16616666 611116 lampa 6. 6,1. 166
16616661 T. 61. 666. viii, 666. 6, 661. 1666666616 8.11, 6. 66
61161. 611, 116. 616. 111, 661 lacteum Τ. 6, 166 ·
1661616616 Τ. 16, 661 16666661 Τ. 111, 61. 161. ¹.¹.’ 166. 666. 6,
Incidere T. 611, 666. 8. 111, 1. 66 666. 666. 61616. 8. 111, 6. 61
1661661661 T. 11, 661 16666661 T. 6, 166 ,
1661161, ί, 6. 6, 661. 611, 166. 6111, 1. 16666611666 Τ. ii. 666. 61, 166. 661. ιι,
186. 611, 116 m. 6, 161. xi, 181. Μ. 616, 116.
16616611661. 1616. 11666611, 11166
1. 111 16666611 6. 6, 6. 11
utimr. 11666 6666616, 666666. s, u, 6. 66. ui,
166161666166 1.16. 6,1.6111
Incipiente Τ. 611, 116 Incubo T. 61, 666
Incipit Τ. 1, 616. 11, 166. 611. 111, 666. Incubuere T. 16, 666. 8. 1, 6. 16
16,661. v. 16. 6111161. 166. 16,111. Incubui Τ. 1, 61. 8. 1, 1. 61
runnu. 6. 6, 6. 666. 1. urna 1666666 61, m. 61666. 61666.
1661611661 T. 1116 6,116
166166 Τ. 611611 166666 Τ. 11, 616. 8. 1,6.1. Α. 1, 111
laeum. 61666 1666116611616. 6611666
1661166 Τ. 6,616 Incultum T. 61, 66
1¹¹an s· V ⁸· ω· Λα I. ¹²⁰ 1κ111101Τ11Τ, ²⁰⁸
16611666116. 16 1666666666 Τ. 6, 666. 6, 661. 611, 666.
1666666111666 ’,666. runnu. 11116
6. 1, 1. 66. Α. 1, 61 1661666616666.111, 6. 6
1661166661Τ. 11666 1661666666 T. 16, 666
166116661Τ.61,116. 661 1666161666 S. iii, 6. 161
1666666661. 6111661 1666666118. 111, 1. 61
166116666Τ. 11161 1666166161 Τ. vii, 11
16611661 Τ. 1, 161. 111, 16. 16,166. vi, Incurrere T. 1, 666
666. 611666. 6111, 66. 6, 66 Incurrunt T. 1, 116. 61, 666
1661166161 16, 66. 666 1666166661 Τ. viii, 166
1661166166 8. 111, 6. 166 1661666666 Τ. 6, 616
166Ιὶ666661 Τ. 6111 1661611666 Τ. 611, 116
16611661 8. 111, 6. 61 “ 1661666 Τ. 6, 666
1661611666 Τ. 61616 ’ lucum T. 16, 116
1661666 Τ. ι, 666. 661. 6. 16, 1. 11. 16, Iucurrn 8. r. 6. 66
6. 66 1666661 Τ. 111666

1661666661Τ. 11616 16666666 1116661116. 61, 666
16616611 T. xii, 616. 8. 6, 6. 66 lucum· T. 16, 61

166166661.11.661.1.11,166 16666611.1,166
16616161. 1666. 61666111. rii, 661. 166166 Τ. 111, 666

Δ. 16. 11, 161 1666666 Τ. 61666. 6, 666. 611666
166166111616. 61166. 6111611. 1661166616, 111 ,

16, 166. 666. 611. 6, 666. 611666. 166616661Τ.111,116

&nm 1666611666 Τ. 111666. 6111616
1661616111116.8.1,1.66.8.111,1.16 Indu 6. 1, 6. 166 ’

Τ. 11, 666. 61, 116 1611661661.11,666.611,161.8.11,6.6

Iunonium Τ. 61, 661 1611116 Α. 1, 166

 

