1. 11111111 111111 11111. 111. 11. 1811

111 111111111111111111 nm. 1111. 1111. Ida.
1111. ’11111111 11111111 1111111111, 111 0111111]0111111111111 civi·
111111 11111 1111111 111111111· 111,111111111111111111111111111111111
dmi Ι11111111111111 11111 Phoebo: 11111111, 111111111111111111111·
8111. 111111111111,1111111111111111111·
111 mm 1111111111111]1111111111, 111111 pem exolvit. 11111111 1111
1111111111111111111111111111, 01111111 fuit: 11 1111 11111, ‘nt
111111111111111111 11111111 1111111· 111111111 &tyro 11111111 calm!
11111. 1111111101111111111111. 11111.
1111 111111111111111131111111. m 0 1111111] (1111 1111111, 111111
1110111111111111111111] 1111111111, pro 1111111111 11111. 1111111 11111
1111111111111111111 nanque 111 fiducimam-nodamude
1111111111,111111111111111 11111111 1111111111 1111111111. 71111 81111111.
11111111. 11111111111111111111- ·Ρα11111]0111111111111111111111111
sidereo, ρ1111111111111111111111111 Non 111μί111111 11 1111111111, 11
11111111, 111111111111111111111111· 11111111 11111 victui·- 1111111111-
vesi.. Iden. 11,111111111111111111111. M
1111111111] cormjm 11111· 111 11111111 W] ’11111111 11.
11· 111111 1111111111 1111111111· enjus clypeo· 1111 perfodissem*
1111 1111111 1111111111, 1111 111111 11111. 11111111 Hm 1111111111
ju 1111111111. Iden. 111111 11111111 1111111111. 111111
111 1111111111] Dixerat 11111 11 1111111111111111111111111111111·
11111 ’11111111 ’111111 11111111, 111 111-1111111111111111111111111·
111111 11111 1111111111111111. 111· 1111 1111113 1111111111.
1111. Non 1111111111] 11111111· 111 11111111] (1111111111111111111
111 1111111111, 1111111111 1111111111 111. 11 11111. 18111111111111111111
1111111111 1111 011111.1’11ς11.111. 1111111111111111111. 111 um 1111·
11. ι11111111111111111111111111111111 muncia] 11111 1111111111
11111110111138111111. 1111. 111 0111111111111111111111111.
111 Salutem] 11111,111- 11111111, 111 11111111 principes 11
11111111 111 11111111111111111111 nummumque
1111111 1111111111 111111 11111, 11111- 11111111 111111 1111 1111111, 111111 cb·
11111 11111111 1111111111 111111 11· 11111111111111111111111111ΛΙΜ.
1111 1111111111 1111111111111111· 111 m 1111 m] ‘hta’ 111·
11111111111111111111111111111111 1111111111111 1111111111111111. 111·
1111 111111 1111111111, qum 111111. 1111111111111 11 1111111 1111113
1111111 11 111-11111 1111111111 11111111111
sunm] Pone· 1111111111, 111111111 111111 1111111111. ‘nt
1111111111111111111111111111. Α1 11111111111111111131111111111.
111 111 nachar-m 111111111ιί1. m 1111111111111111 1111111111]
111111,111111 mnason- tempon 1111111 11111 1111111111 111 1111111111
111111111111111111111311. ‘Pel- 111111111111111111111, 1111111 1111

11111 111 1111111 111111.ι 11111. 111111111111111111111111,11111111111 .

111 1111111111 11111111111111 maismacum, 1111 jam 111111
11 1111111111 Bocchum 1111111111. 111111111,11111111111111111111111·

1111111111 111111111 11111111 m· 1111111111111111, 1111111111111111.
,11111111 mmm. Im 11. 111111. 11111] 1111111 1111111

puin] musio·- 1111111111, 11111 11111111,1111111 111111. Eu. 111.
Ε, 111 11111111 11 11111111111,11- 1811 111 1111 11111 11111111 nn}-

111111111111111111111111111111· 111 111111, 11111111 1111 111111,

 

