clxxiv Ι ·· ¹⁸⁰⁸¹

6011111110....ΙΙο0011,0.100 11,101,1111Μ.11,1001,’010.
60111110οΤ. 11101111, 611 1, 616.. 162, 11, 616. ⁸⁸⁸· 11061. 606. 602.
1111111 11,1,111.1,11111,1,11
6111111.111,000.6,110,.00 11, 0. 1111111,11,111,.1,111
101.1,1.100 “ 6061111116, 6, 261
6111111116,·ι1,0. 00. 1,1,111 6111111Τ,1,001
6111116,1,0,11,1,0,01 61116611, 181. 008. '⁸⁸⁸⁸- x,⁸⁸⁸·
6111111111,111,010 61001
6111010111Τῦ 1, 001. 11, 000 11111110.11,1,11,.,1,111
6011010101Τ,111,110 1111111, 11, 001, 11, 611. 1ιῶ
6α1010110611,0. 06 Pati-{m S. 11, 0,20
60110101111116, 1, 0. 00 Ρ.1..11.1ι.1.1.,111
6011161,2.,,.26111160.,11100 61111116,,110.60
1011111116 61111116· 1, 007
6011116 1,010.11,066. 6.1,0,.01 6111111161ΗοΙο 11010
001. 1,0,.00 00, 611,1,,·01111 1 6101116111, ⁸. 01. 11111
⁸. 11, 0. 08 60111111Τ,11,001,1111061111,οΜ
601110111Τῦ1,000.111,001.001,11,11,6011111,11,000.11,000.100,111,000.
1,...0111060661011661666,11,660.1,.662111.616·066·
000 , 6,,10.00,,...1000611,000
6111111111Τῦ 111, 100 61111111· 111, 000. 11,11,160. 6, 1,0,
6011111111·,·· 11, 01 06..16 ,06 ,
6110111111Τῦ 11, 000 61111111161, 0. 110, 11,1,100, 11,6.
6111111611, 01.· 111, 000, 11, 000. 611, 00
6, 00 601111Τ,1,111.111,162.016. 1,666.
6α111,11,.010,61,0.0 61011010011161661Α·
61111111116,1,1,100 001,1,0.000,Α,“ 11, 261
6011111111οἰ, 0. 101 61111111,·11,100,111,110
6ο111111.·“11,000.11,100.111,000.000. 6ο1116,· 111, ⁸· 00
61210206161111201 ΡωΤ.111,066.617
6111111111· 1, 01, 11, 100. 11, 1⁸⁸. 000. 6110111611, ⁸⁸⁸. 010
ι100011016.11,1.00..1.11,1006111011161,Βο
60111111οΤ, 1,,011 1111810111.11,6110111“,11,010,0.1,000
006,,.,..0016111611,2.26 PmbeoeT.x,⁸⁸⁸
remma 10. 1,100, 6,,..1000 6110116116,1,710
111,,,,60111..,02011,2.66 memmimus
611111οΤ,’ 11, ⁸⁸⁸. ⁸. 111, ⁸· 10 6110111Τ,1111,000. 11,001
6011101611,000.111,100,111,106, 61111οω1161,οΜ
11,160, Α,1,226 1111111111, 266
6111100111.··111,000 0111111110
60111111161111001, 6.·11,0,100 1111111111111
6011111οω63 11, 1, 100 611110111611,0, 100
6ο11111ΙιΤ,11,100.111,000,6,1,.,011 6111161116· 11, 801
100,11,1,00.110.,00 Α.1,000. Ρι...1....11.11,1,1111,111
11,110,006.61111111111.11,001
6001011611, 0. 60 Promis-⁸1⁸. ⁸. 60
6111111111Τ,·111,001 6111111110· ι, ⁸. 01
6011111111 11, ⁸⁸⁸· 61μο60. 11 610011111Τ.11,666
111 11111111... 1. 11
- 6011111Τ, 11, 010. 11, 00 6111111111, 11, 100 .
61111111,11,010,6,1,0,00 11111111111111111111111. 11,
6011111Τ.11,000,1111,166.11,176 100,166,1,666. 1111111111,
6111111161,1,000 010. 1111,11,1ι,111,111,ι,111,
611111Τ,·11,621. 1,66.11,661, 666,11,616,666.111,216.606.166.6,1
611000111001016 00110001,1110110.20
11111111, 010. 1111, 1⁸⁸. 11006. S. 111, 0,οΊ

11,,00 611011111Μ100061,000.01,’

61111111ΤΗ1,100.161.000.11,066. 060
111, ⁸⁸⁸. 011, 011, 11, ⁸⁸⁸· 1000. 6111111016 1000

 

