118 8181711111.

081117. viii, 111

0811118111, 884 ·

011111οΤ.111,888. 8.111,8.84

ogygi? T. ri, 178. 1, 848. 881. 11, 888.
111, 87

ogyginr. 11, 888. 111, 188. 11, 818.
841. 1, 488. 111, 188. 847. 477

0111311111 Τ. 11, 888

Ogygii T. 11, 88. 1, 818. 11, 888. 111, 88

01811111 Τ. 1. 178. 888. 111,118. 1111,

Ogygio Τ. 11, 888. 11, 888. 111, 88. rii.
884. 8.1,8.188

Ogygios T. 11, 488

oren T. 1, 417. 111, 478. 111, 488

0111111 Α.11,8

Olenii T. ii, 841. 111, 88

01111111 T. 11, 488. 8. 1, 8. 88

Olenium T. 1111, 488. 111, 741. 8111, 8.

01111111 T. 1, 488

Olenos T. 11, 188

01111111 T. 111, 888. 8. 11, 8. 48

Olenii S. i, 8. 81

01111111. 111, 888

0111 T. 11, 847

01111 T. 11, 817. 11, 7. 111, 881. 8. 1,
8. 881. A. ii, 88

011118. 11, 88. 888. 478. 111, 488. 1111,
88. 111,488888

0111111111 Τ. 11, 88

oliviferi Τ. 11, 887

011111 811, 8. 11

01111 T. 11, 878

0111111811, 8. 48

0111111Τ.111,884

Olor T. 11, 888. 8. 111, 8. 178. v, 8. 81

011111. 1, 884

Olore· 8.1, 8. 148

01111 T. 1111, 878

01111118. 111, 4. 48

. Olympi T. 11, 788. 1111, 41. A. 1, 888

Olympiaca S· 1, 8. 888

01111ρί1111 Τ. 11, 884

Olympo Τ.,11, 888. 1, 88. 177. 481. 11,
118. A. ii, 15

0111111118. 111, 8. 88

olynthi T. 111, 818

0111111Τ.1,188. 111888. 1,818. 111,
888888. 1111,788. 11,888. 8. 11,
8. 78. 8.111,1.148. 11,8.88

01111111Τ. i, 884. 11, 188. 888. 888. 111,
488. 478. 818. 888. 11, 888. 11, 888.
888. 111111. 1, 488. 11, 188. 788.
111111. v, 1. 111. 11, 111.
11,8 ·

Omine T. i, 488. 11, 88. 848. 888. 111,
888. 11, 888. 887. 11, 788

Ominibus Τ. 111, 71
01111111 8. 111, 8. 88 ,
Omniffienr'TisriTff. 8ἓῶ71. 11, 888.

1, ,11, . ,1,

01111. i, 1111111111. 11, roim
18111. 11,888. 887. 888. v, 818.
888. 11, 884. 871. 888. 787

Omnium 8. 11, 8. 18

Onchesti T. 111, 878

Onchestius ,Τ.,1111, 487

01111111 Τ. viii, 881

Onerat T. ri, 888

Oneratas. 11, 8. 8

01111Τ.11,487.887. 1111, 888. 8. 1,

0111111 T. ii. 818

011111 T. 11, 188. 781. 1,888. 11, 88.
88. 111,.748. 11, 818. 1, 77. 888

onusto T. 11, 871 ,

01111818. 148. Ι1, 8. 88. 11, 8. 88

0111.Ίὲῑῖ 'eiiii ii' iiiiiiirf'siiii,
5117. iv, 8. 78. 1, 8. 178

0111111 Τ. 111, 884. 11, 818. 11, 848. 8.
111,1. 141

Opicum Τ. 1, 888

011111 T. 1, 188. 8. 11, 8. 1. Δ.11,4

omi S· 111 ²· ⁴8 ’

011111Τ.1,884

- Opacor T. ii, 88. 111, 887

011111 Τ. 1111, 188

Ope T. xii, 181

ommmffimmmm
11, 477. 111,.888. 11, 488. 1,81. ri.
321. 784. 111, 188. 8. ι, 4. 188. 1,11.

0111118111, l. 188. A. i. 88

Operi T. 1, 884. 11, 888. 111, 878. 1, 41.
111881. S. i, 1. 88. 88. 11, 8. 88. 88.

ορ11111 T. 18111781. 111, 1. 88

Operis T. ii, 888. 1, 818

Qmmmffimmm&
11, 4. 80

01111111 Τ. 1, 817. 81, 1,188

operosior T. 11, 87

Operta T. 11, 888. 1, 888. 1111118. x,
81111111181

. 0111111Τ.11,888.1,18. 8. 1,8. 178.

A. 1, 888
01111111Τ. ir, 848
Operti T. i, 7. 11, 188
Operto T. viii, 118. 111, 888
Operum T. 1,111. 11, 874. 748. 11, 888.

3³8⁵. 11, 848. 878. 1, 188. S. 111, 8.
08811118181111111
111. 111. ..1.11. S. i, 1. 111. i, 1.

 

