cxlvi 111888

111111818.1114.82 1181811181 Τ. 11,810. 8. v, 8. 88
Nun· Τ. i, 118. 8111. 188. 111, 1. 11811811. 181
88. v, 1. 211 Negant Τ. 11, 8188888811. 111488.
1188111 Τ. 1, 828. 111, 80. 1111872 iv, 741. 1111, 400. 11, 618. 882,
11111181Τ. 111828. 11700. 11, 118. 8. 1183111811 Τ. 11, 780. 1418· 71. ⁸²²·
1111. 84. 111, 2. 80 1111, 780
1181111811 Τ. 11, 800 11888108 T. 1, 844. 8.111,1. 124
1111111111. 11111111. 111111. 11811811. v. ⁸²2
S. 111, l. 4. 1110. 100. 1, 8. 82. Α. 1, 118μο Τ. 111812. 718
881 thts T. 1111, 817
11811 S. 1, 2. 181. 224 1183111811 S. 111, 8. 10
118181 Τ. 111, 080. Α. 114 11811181118. 00 ..
Nealce T. 111, 122 118311 Τ. 111, 872. 11, 124. v, 288. 111,
1181111118.1ν,8.1 872. 1111118. 8. ii. 2. 47 .
1181111118 8. 1. 2. 226. Δ. 1, 609 Negnta T. iii, 41. 111, 888. 8. 11, 8. 11
1188111111 Τ. 11, 084. A. 11, 42 1118311111 Τ. 111, 71
1181111118 T. iv, 888. v, 184 Negata T. 11, 822
1188111181 T. i, 081 ’ 11818181ιΤ.111,848
Ν81111181Τ.11,48’4 11111111. 111, 811
1181181811 Τ. 1, 84 11831111 Τ. 11, 127. 111, 408
1188811181 Τ. 11, 828 Negent Α. 1, 810
Ν888 T. 111 102 1183811111.11477
111881. 111 11. 1., 111. ι, 111 118111. 11, 111. 111. vi, 111. 111 1.
11111111. ..1, 111. S. 11, ι. 11 1, 1. 111. 11. 1. 1111. 1.,1.11
11881 T. 11, 77. 1, 888. 111704 118318818 Τ. 11, 748. 111, 617. x, 7. 8.
1188111111, 111. 111, 111. ix, 118 ..1.111
11181111. 11, 077 1181188111.1,111
1188181 8111, 4. 18. 81. 11, 0. 84 118318811111111 Τ. 111, 164
11881818 8. 11, 2. 00. 1112118. 11, 2. 1181188111. 1111, 080
84. Α. 1, 88 1181188181 Τ. 11, 210. 8. iii, 4. 88
1188111118111, 1. 27 1181111 Τ. viii, 884
1188181 8. 11, 2. 0. Α. 1, 482 1181818 Τ. 11, 128
1188111. 111, 111. 1111 ¹ Nemea 1. ..111, 111
1188181111 Τ. 11, 807 1181181111111. 1147. 8. v, 2. 48

, 1188188811 T. 1111, 087 1181188111 i, 878

11881811 Τ. 11, 788 11811888 Τ. x, 400. 8. 11, 0. 88
11888818 Τ. vii, 170. 8110. 71. 111, Ν8118111111Τ. 111117

820 1181118811 Τ. 11, 180

Necti 1. 11, 111 1111881. 1, 118. 11, 118 1.,111. 111.
1118111..11,111..1,111. 1111111 .,11.111.11,111.1.111,1.181111.
Nectite 881188 ¹2⁸· ¹2⁴ “ Ᾱ.1,410 ⁴ ¹

118818 Τ. v, 80 118118811Τ. 11, 088. GM. 1188888,
1188111111 Α. ii, 170 888 ’ ’

11818808 Τ. 1, 402. 1111120. S. v, 2. 11811881Τ. 11, 688. 1, 881. 818. 8.

77 111, 1. 80. 11, 0. 41. 1, 8. 82

1181118881, 102. 11, 482. 111781 11811181. 11, 828. 11, 782. 8. 1, 4. 121.
1181810801 Τ. 1, 00. 617. 111121. 11, 11, 1.14 “

008 11811811 Τ. 11, 488. 11, 82. 807. 11, 881.
Ν8111108 Τ. 11, 841 111820. 8. i, 8. 17. 11, 2. 88.
1118111811. 11, 480 1181181818 T. 11, 288
1181811118 T. 111, 809. 11098. 8.11,0. 11881811181181 8. 70

Sl. Α. 1, 111 11801078118Τ. ix, 087
11811108 Τ. 11, 882 118111811Τ.11,428 ,

1181111181 Τ. 111, 08 1111111111. 111, 888. 11 84 728. 1808.
1187810111 Τ. 111, 880. 11, 18. 111841. 11,878.088

718 1188181818 Τ. 11, 70. v, 182
118181111111118118 11811ο181118.111,1.117

Nerato Τ. 11480. 11808 111288. Nemorum T. i. 280870. 111106. 18,
111 111. 111. 1111111111. 111181.

 

