11 emtum, 6611111 ’

600.111,701.1111.ὓ1.118001 66111Τ.1,.060 11106. 1118661,
0,71.760770.1111ω 611,8..87 806.6.1ῐ,7.08.”.1.’1,688·
11,7.61 61068 ‚ 6616611616. 11666 11168. 61
nummus 6.0.111’,1.11
1111111610. 10 6611606Τῖ 1111, 811
16111.1.116116161.11111.116 661611611610. 111680
. 1110. 111880. 61110.Ιο 1, 0. 6611616111610. 110. 11006. 1111,
,867 068.1,.677.Α1,876 ”
voe-bur. 1,007 6611616118. v. 0. 06 “
voe-bor. 1111006 661111166Τῦ 1, 600. 111, 16. 088. 11110.
6661116οΤ...160111,068.611..οἏ 611008
6611161161, 0. 6 66111111’“Τ. 11, 187
66611616.1,0.006 6611161611 0. 01
16611661.1.111.1.1,1.1 vammum 111. 601
6661111 61116 661111. 1100. 111, 000. 001. v. 616.
66111116 111, 016 11, 601. 11. 100. x. 001. 11. 008. 866
1666116161. 1016011660. 6611161.111,’060.6’1.616
1111,010.1,666. 610.006.1,1. 66111616101011106
001 6616116 11, 610. 6111, 8. 101
6661116611, 1. 106 661661Τ.1111,000
66611166Τ.’11, 160707 611, 1.161 0666611616 111780. 6110.
6661111Τ.111,6’86 66.,..10168 61006
vannum. 1.180 1.1..6.’1.1ι,111.1.,16.661. 1100.
vacunam& 111,.0816’66.6,10..1068’.,1
66611617.’1111.116 61....0611, 660
m 66161111Τ.1,110.111,660. 6116.
66111116. 1, 66717 16
6661111611, 11 661617. 11, 000
6661111161. 1.60 76161Τ. 1111611. 0116 .
1666111.ι,666.ιῑ,116 6611111166 11, 018
66101Τ.1,660.11,11.688.1,68.068. 0616616116161
1111616666161611. 1111016. 7611111166 1, 00
61611600001100616016 66166166
160. 6111, 066. 11, 0. 66. 1,.1 160. 66116116Τῦ· 111, 116
mmm 66116611.11,66..,66100.1890.61,
66611111. 111, 161 618. 111
6661116 11110 6616616167.111108.1, 101. 6111.
vocam. 111, 160 06. 11, 0. 10. 11, 8. 08
66611617. 11, 081. 001 66166161’Τ.1006. 11680. 111010.
6661Τί66 01011606 100611, 61011001,60..110.860661.11,
466.161.111.111,111.161,1161. 111161116111161. 1111161.
86..06.101886. 607. 601. 1 188. 160. 866. 017. 617. 11, 61. 100. 1,
mm xum. .1,166111166 111.161.161.116..1,11. .11 16.
8.1,..008’11.1.16.11..7100.111. 806...,800.07666061818.11,1.
6001111611860.1..76 800.11,6...00111.1166.111,.06.
1616611θο Δ.11.168 v. 8. 88. 1. 0. 8. 61818. 870. 11,
vammum. 1166. 111060. 1, 016. 867
11180. 11, 166. 860. 1, 607. 11670. 1616611111, 167. 11. 086. 668. x. 700.
61,.008 8.11,6.81.111.0.00.1,1.166
6666617. 111, 60 6111161111. 111, 000. 6. 110. 06. 1,1.
16661.1,611611,166.111..11, 11..1.1.·010
111. 061. 1111, 066. 11, 118. x. 100. Volucrum T. 111. 118. 601. 661. 017.
107. 186. 11. 800. 111, 768. 61, 8. 688.11,000.688.1,.808 1111, 106.
81.1......6811111160.11,.οΙ8. 1..008’068.111,.’,.’678.18.611.6.
111.1.’166.1.1ἱ.’018.888 88.1,...676.110111,8.86.11,.
661161116160061166718 1616168
161 7611661’.’Τ ι, 868. 11, 800. 011. 1,000.
6661111111Τ.11,,066.111.0061066.11,.1016..110.8’0
11, 111. 816. 111.ωο 1,016. 11068 1666661116·

 

