eviii mn

1111111011 T. 1, 0 000. 010. 1111000700. 11, 170011.
11111111. 11, 000 014. ι, 000.001.000.004.010. 11,
1111011111 Τ. 1, 007 100. 040. 401. 041. 004. 111, 101.
111111111ιὶ1 Τ. 11, 100 010.000.0.11,0.100. 110.Ιο 11,
1111111011 Τ. 1, 0. 11, 40. 014. 1. 111, 0..00 ι, 0. 40. Α. 1.·40 11, 077

0. 170 1111111111 Τ. 11000. 11001. 111001
1111111111, 004 1111110111 1. 00
111111 11112111, 000 1111110111000. 1100. 0.11,1.147
1111111111 0.·1ι,0. 11 1111111 Τ. 11, 707 ⁰
111111111Τ.· ιι, 414 11011111111111. 1111100. ι,
11111 111111Τ.· 11, 010 010. 11014. 11100. 0. ιιι. 0. 00.
111111 ΙοιίιΤ. viii, 007 100. ι, 0. 01
1111111111 Τ. 111100. 1111, 400. 0111, 11111111Τ.11,00. 11, 110. 000. 0. v. 0.
1111101101Τ.·· ιι, 011 1111111111 Τ. 1111, 10. 1, 440
111111111δί111Τά1004 111111111100. 1100. 11, 00. 0. ιιι,
1111111111 Τ. 111417 010
1111111111οι Τ. 1100 11111110. ι 1. 101. 1, 0. 070
1101111110.1,1.11 1111111Τ.1111, 100
1111111 Τ. 11, 070 111111111111111
1011110111000. 111101 1010101Τη, 041
11111111 Τ. 11, 100. 111, 707 1111111111ωο.’· 1, 7. 07
11111111Τ. 11, 400400. 0. 1, 0. 07 1110111111111111111110.
11111011. 1, 000. 11, 010 Δ.14,0
1111111111 Τ. 11, 101 11111111· 1, 001
1111111111 Τ. 1, 400 1111111111· 1, 100. 111, 000
11111111Τ.111,00.11,040. 111100 11111111 1111. 100. 11000. 111105
1111111111 Τ. 1, 0. 007. ι, 400 111000. 000
1111101Τ. 11, 007. 11, 0. 040. 1111000 1111111011Τ. 111, 07
Ι111111111Τ. 11100. 011111 larem 111040
111111111111. 11171010. ι, 077. 1111111111Τῦ ιι, 400

1111, 000. 11, 100. 011. 111, 070 1111101111· 11, 110
111111 Τ. 11017. 1, 741. 1100. 140. 1111111110. ι, 0. 01

111. ix. 1111. 1111111111.1111οω11111

1.140. 11, 7. 41. 11, 0. 00. 110. 0 Infusum? 11, 010
1111111110.1,0.00 111111111Τ311, 000. 1, 40
1111101011, 1. 100. ι,0. 110 11111111Τ. 11010. 0111, 0. 0
11111111οΗ 11, 1. 100 111111111Τ. 11, 700. 111740. Α. 1101
11111111Τ.111001.11,740111110. 1111111111.111,400.111117

011, 1. 100 Ι.1..1...1.··11, 400
11111111οι, 0. 40 1101111111111, 00.· 11, 007
1111111111 1111111110. 111, 0 00
111111οΤ. 11, 07 11111111101, 001. 11, 000
1111111111Τῦ111,000 111111.1,1.141
1111111111· 11, 000. 11100 1111111Τ. viii, 101
1111111111Τ.· 111, 170 Ῑ101Τ.11,107.11,700
1111111111οΠ 11, 1. 07 1101111111 Τ. 111, 000
1111111111 1, 004 1110111111 Τ. viii. 710
11111111 Τ. 11, 400 11111111 Τ. viii. 700
1111111 Τ. 1, 104 1101111 T. 11, 400
1111111. 111400. 11, 107. S. ι,1.100 1111111111 Τ. 11001
1111111111111 1111011111 1, 001
1110111111 ’ Iaroecundarx ιι, 140. 0111, 0. 01

- Infectam· 1100 1,000 1111111010· 111, 1. 107

1111111111Τ.··111,00. 11004 InformeT. 11, 001
1111111111111 1111111111· ιι, 700. 111, 000. 111, 00. 000
1111111111 1111, 01 111111111Τ.·“111 00
11111111 1, 10. 11,.004 111100170111111111Τηί11004
100. 071. 11400. ι, 00011. 000. 111111111Τ3 11, 400

 

