111 1111111111. 11111

firmanum 7 -.1111,1.111
111-1011111111 8111111111υιιιΤ.1,889..1.1091
1711111180, 680. 11008. 1111088 8111111111Τῦ 1, 80. 11, 188. 11, 910. 1111,Ι
711111111Τῦ 11, 688 809. 1,88. 197. 076. 111, 108811.
mmmmm 81,1.108.1,6..9.9011,981
01111111οΤ. 109 8110011017. 11111111
ΜΤ. 11, 11. 11800. 1,80.880.811111111111Τ.11079. A. 11899
111088. S. 11, 8. 88 flammatum· 1, 909

8111111111. 1111, 006 lnmmntum T. 11, 798
8111111118 1, 106. 11, 600 1111111111Τ. 111710. A. 1897
8111111181909 ‚ 1111111111Τ.111090. 819. 900. 1,
81110118 1000 1. 197
1111111111000 9111111118 11, 901. 8111 079
111111111811, 880 flmmeum 811, 8. 180
firmor. 11889 8111111111Τᾙ11,089. 11, 189. 8. 10.
111-1111111111 87.111,1.189
8111111118 1111, 800 8111111111 gerT. viii, 010
11111111Τῦ 1, 680. 8111, 8. 08 1111ωωί10018. 1, 9. 119
1011111111 1111111111εή8· 111, 1. 101
111Τ.·11,8·07.11,807,1,190.190.11,9111111111.11618 119180
090, 708. 897. 1, 089 9111111111Ύ1· 1100000. 1,000. 11100.
11..1.1.1111.11,111.11,111 111,- 998988108901111101800.
09881980 8118019981111107177
811111810μο60 186.11,..098111,,8.19.110.8091.
risen-wc· 11, 679· 11, 90 Δ.1, 090
1711111111 Τ. 111 698 8111101118 11, 878
1111Τ.111,..,879819.70.80 711111.111,111.11,.,11191,.111·
11111111,111.Α.1,1ιι 11.1111.·ι,111.1111111111.11,
81111118.111,1.90.·1116. 90 078. 811, 9. 1101119. 08
1711118111, 900. 1111111. 1,071. 088. 8111181909
81 ,0. 81. Mi, 009 9111111,111,111
811οΤ1· 11, 00. 1, 000 1110011101. 1,078. S. 19990
10101811, 178. 111, 681. 000 81111 Τ. 11, 909. 1, 980
ruam 1. 11, 111 111. 1., 111. 11, 111. 11111117. inlu
811990 111111111οΤ. 11, 909
1ω7.1,111.1ι,111 0111111111 S. 11, 9. 99. A. 1, 011
10111011818781109 8111111118 1111 070
manaim· 111 80 11011311, 0. 6
ΡΙιςοΙΙοΤ. 111679. 1111970. 11, 161. 81111181, 6. 80
8.,.1010 8111111118ςί1,8.19
Flngn 1111819. 190 10110811, 918. 780
magnum iii. 118. 1, 891 Elaos Τ.1098
1111111111. 11, 888. 111700. 1, 000 Flavum T. 11, 010. 1111, 098. 8. 11, 8.
flagrantem Τ. 11, 006. 11, 098. 111888 07
11131111.. 1111111. 111 1111111..1.111.111
ssaffanti T. 11, 080. 1, 808 8101111111 8. 11, l. 86
1919110111 Τ. 111188 Hm T. 11876
magud. 11,0.97 811118111918
Fla-ina T. 1, 890. 091 Flebat T. ix, 079
1711110111 T. 111, 807. 111, 919. 1, 910 Flebile Τ. 11909. 11, 181. 11, 10. 1111,
99111111ιί080, 1.170 090. 111, 77. 090. S. 11, 1. 8
Πι111111118,1,8. 198 . 10101Ιί11111.111,080
111111111111111111. 111000. 1111101101111111111111.
007. 810.89.11,.0.Μ1111..7 11,..000060111100
A( 1 9111 11111118 111 009. x, 606. 11, 788
Πω11118118311, 0. 87 8111111118 111, 000
1 91110011911111110 1108980. 8111111118· 11 191
1111771. 111018. 1, m 110. 111, 81111111Τῖ 1, 9119
ul. 871. 081. 9111111111 91001111.1111,119

velpa. 17 711. Cla. 117. sm.

 

