clxxxviii num

11881111 Τ.111,74 · ’ mummi 1111 ,414. ’8.11,7.’ 199
8888111111,11,98. 11974 8881181118.1,1.199 ’
Raab-atr. 111, 988 88111.··11,988
1188181811181 1111181811. 11, 88
Raab-numa, 49 1181111111,11,894.11,899
11818111,11.ι,.11911.11 88118111.11,999
Rambentai'wl'l 81118111.,.,184981,4,7
8881888181.1111,897 8811118Τ,1,8.99 11,149,1,,4 181,
mulum T· 111, 6891 71188898 S 17, m· 911 998169,

9.18.1,1.918 1188111811.11,481,1,118
1188811111,1,711.8,1,9,181 1181111181.111,18,11,879,1,17.Μ
1188111111 Τ. 11, 841 8811111111, ι, 997
11818818, 918 11811111,1111,818,788.11.971.8.··ι,
1188,117111118,14,8 998971)
8181811Τ.11,987.11,918.8.1,999. 881118118811, 898

’11,188 8881811181,9Μ9.111,.178.1,1.
8881111111.111,888 11, 988 88
8181111111,1,488.111,819 RedimitunA' 1, 819
1118111811.1,184,819 81118188.1,8.18
88111111.11,911, 8.11,1.99 8811811111,111, 189
1181811.ιι,811.ι,111.1,1,111. RedimmT.3,190

111,4.18 8811181, 111, 888 8,1, 9. 98
88811188 T. 111, 978 8811181111, 11, 814
88881111. 11, 791 ⁴ Redimtrx 11, 147
11811188, 1, 899 Redi-etv. 11, 889
88111111,111,9888181Τ.1,1119. 11997. 888. 111, 991.
11811188.1,988 888.11,98..,498199,98701
88111111. ι, 488 11,487.819.884.884,778.111,999,
8811111111,11, 819 ’ 181.811.1111,11,811.11,111.111.
88111188,,.118 488.,,,.1919118888,11,,.9911,
118111118111, 81. 1111987 8.18.11,8.88.111,.1199.111,9.99.
11811881ηι987.988.11,979..988 11,.718.,.,.199981,1ϋ.999

111, 984, 897 948
8111111181,··11,481. 111, 187. 988, 998. 88111181. ι, 81

1111, 894. ιι, 191. 1881889 11, 8881111191,11,.8878.111,1.81

994.,111484, 8.1,..447 11,.491. 1181118881.1,949.1111,.799 8.1,

111,9,78,111,..881 11,.,411 11,8. 119997

94,11,8.11 8111111111. 111, 999
11811111.11,181.111.111,818.8111,11881181,,,11,1111.ιὶ,118.8.1ἰ,ι.1ι
8811111818.11,,4 8 8811818811, 1. 49
, 8811111818· 11, 888 8811188111. 111, 98. 8489,.489 11,

881111111.1,988.11,.8888..111,9 888.8.11,.94

198, 8,· 11, 191 8111888881, 11, 494
1181118111,11,884. 8,1, 4. 99 8811181181.1,48
8811111,111,987,8.,18.1.8911,.7 11111881.ἰ1,111.11181ι,181.

88 979. 8, 1, 9 89. A. 1,99
8811111111,818.11,.488898.788. 8. 1181181.11,111.111,1

111,1.111.1.,1.11111 , 8811811811..749 8.1,971
1181111181. 11, 898 88888111. 11, 91. xi, 8, ιι·, m
Reddite T. 11,171. 174. 8789. 8,,1 8811111111, 111, 794

8,48 1181118181, 1, 884

88118811, 999 · 8111181181.11,818
1181811. 11188 1188181811,11,988.448
Redeunt T· 111118. v, 11. 111. ιιι. Redunme.1,m
'i Μ·11.988.11,49.111949887 88111111811,9, 71
8.1,8198 1181111111.11,1ω
8819991081, 4, 19. 111, 8. 189 Rem. 111, m
1181111118ῖῖ1, m 88111117,1,118

 

