114 m'nuu.

11111

11111111.11,441. 11411. 4. im. 11 11ω11Τ.11,144. 1141

11111141 Τ. 11, 141

1111111111 Τ. 1, 144
11111111Τ.11,114. 11, 141
Inperti 4. 1. 1. 144

11ρί Τ. 1, 41. 11, 14. Δ. 1111
11111111, 144. 41,1.44.Δ.1,141
1111 Τ. 11, 114

lnporum Τ. 1, 414. 111, 44
111111. 11, 444. 111, 144
11111111 1111441

ῙΆΙΜΤ. inm A· 1, ⁴⁶⁶
Lucida 411, 4. 14

111111Τ. 111, 14. ai, 1. 41

11111 T. 11, 141

11111111 Τ. 111, 444
11111111 T. 11, 144
11111111 T. 111, 414. 11, 114
1111111 T. 1, 114. 441
11111111 T. 11, 141

11111 Τ. 11, 411. A. i, 144
11111 T. 1, 444. 111, 411. x, 144
11111111 Τ. 1111, 144

11111 4. 1, 1. 111

111111 T. 11, 444

1111111111 T. 11, 114

Imm. i, 111. 111. vim. 11111. Lycomede 1 i, 111

111. 1. 11111 111, 111. 11,

141. 11, 144
muntem Τ. 1,141
11141111 T. 1, 441
1111111111 T. 111, 441
11111111. 11, 111. 11111
mmmm 1, 444. 411, 1144
,11111111 Τ. 1, 441. 11, 41. A. 1, 111
11111111.1,441. 1,111. A. 1, 114
11111111. 1, 1. 144
ustum Τ. 11, 441

. 1111111114.ἰῦΛῶ

111111411111Τ.1111,4
1111ή4.11,1.4. 1,1.114

Lycomedem A. 11, 111

1144111111ῧί1 A. 1, 141. 144. 411. A. 11,
111111111111 T. 11, 414

Lycophronis 4. v, 1. 141

1111111 Τ. 111, 114

1111111111 Τ. 11, 414

Lycurge T. 1, 441

Lycurgi T. 11, 141. 1, 14. 414114.
· 111111. 111111. 11111
Lycurgo T. 11, 144. 1, 441

Lycurgum T. 1, 444. 11, 144
1111111111 1,141 ,

1111111. 11, 414

11111111 Τ. 11, 414. 4. 1, 4. 41. 11,4.11. 11111 T. 11,144. 147. 1, 14
1111144. 111,4.1.41.11,1.41. 1, 111114.1,1.44

1. 141. A. i, 114
1111114 Τ. 1111, 411. 4. iii, 1. 44
11114111, 1. 114
Luto·- 411, 4. 14
111111 Τ. 1, 144

Lydi 4. 111, 1. 141

111111. 1, 444. 411, 4. 4. A. 1, 144
Lydia S. Ι, 4. 14

114111 ai. 1. 144. 111, 1. 41

Lydo 4. 11, 1. 111

hx T· 1, ¹⁰⁶· 11, Tu· ”lu ffi, '²⁶0 landumT0A12Tu
111. iv, 411. 1,414.444. 111, 44. 1111111Τ.11,144
141111. 1, 11. 144. 111, 444. 111. 1111111111 1111, 141
411, 1. 144. 111, 1. 11. iii, 1. 44. 11, 1111111111 Τ. 111, 444

1.11.1.1,111.1,111

1111111411 Τ. 1, 144

11111. 11, 414. 4. 11. 41. 11, 1. 144. 1111111111 Τ. 111, 114

A. 1, 414
11111111 4. 1, 1. 14
1111111111 Τ. 1, 141. 11, 441
1111111111 Τ. 111, 11
1111111111 T. ii, 411
1111111111. 4. 1, 4. 41
1111111111 T. 111, 411

1111111141 1, 441

1111111111. 1, 411. 111144 -

111111 Τ. 111, 441

1111111 Τ. 11, 414. A. 11, 441

111111 Τ. 11, 111

Lyn Τ11Ὶ1841 ,11, 2791 ¹, ⁸⁰8· ⁴¹¹⁶·
811. 8.ἱ,1.144.1,1.144. m. 14.

1111 Τ. η’ἱ, 441. 4. i, 4. 44. 111, 11111. 111111. 111,1.111.11,1.

4.4

- 1. .,ι.11. 11111

11εοΤ. 1,141. ὶ1,144. 11, 114. 41, Lym 4. 111, 4. 11 1,1.1.141.111. A.'

4. 11. 11, 1. 144. iii, 4. 141
11111111 Τ. 111, 414. 11, 444
11111411, 1. 11. 11, 4. 14

11111Τ. 1, 141. 11,144. 11, 441. 111,

44. 11, 444
11111114, 144. 4. 1, 4. 14

11111114 111. Clas.

1, 111
111111 Τ. 11, 111
1111111 Τ. 11, 111
1111111 S. 11, 1.4
1111111 4. 11, 1. 44
1111111 4. 1, 1. 44. 11, 4. 11. 144

1114111. Β

 

