’11 smum. ' xcix

um. s. 5, 1 m. iv. o. ao 1151»... τ. 11, 11
Humana T. 111555. 81155 11151151511155. 'flium
1111511111 81155 1115111111 Τ. 11, 457. 111, 5. 5. i. 1.
flammi Τ.11,854. 111, 555. 8.1,1. 45
555. A. 1581 ’ 1115111511875. 11855
Humum 8. 1, 1. 88 1115111101 S. iii. 8. 57
Humecuut Τ. 11, 551 1111551118 S· ¹· 1- 88
flumme· T. ix, 454 Hybla A. i, 557
1151511111 T. 11, 557. 111, 711. 1, 177. 8. Hyblaia S. 11, 1. 48
11, 4. 58 Hybla.. S. 111, 5. 118
1111511111 Τ. 111418. x, 155. A. i, 484 1115111111 T. 1111, 587
1115155551 Τ. 111, 5. 1148. 8. 1, 8. 111511111511, 441
85. A. 11587 111511 T. 11877. 11, 155
1151515111 Τ. 11, 785 11151115 11, 454. 8115185
1111515511575. 111555. 1111558. 1111111 Τ,1, 118
11, 555. 875. 811, 558. 1, 5. 85 1111151111 Ι1211144. 1155. Am!
1111151111 Τ. i, 755. 111, 887. 11, 185. 1, 1111511112 iii, 485. 1, 78. 584. 755.
785. vi, 858. 885. 885. 855. 1111757. 111, 75. 781. 1111, 851. 11, 558. S. i,
ix, 581. ι, 45. 555. 548. S. 111, 1. 85. 8. 55. 1111. 181. 111, 8. 44. v. 1. 85.
1751118188. 111, 4. 85. 1,1. 84. 188. 1, 8. 5. A. 1, 54. 444. 485
1, 5. 155.Α.1155.554.855. 11555 Η11111Τ.11,585
numero Τ. 11, 571. 11554. 1111441. 11111515 1, 848. 1, 15115. 885. 111
’ 11, 854. 111, 745. 81 88 88. 745. 1111416. xii, 558. S. i, 8.
ΗηωοῐωΤ.1,418.485. 11545. 11, 181. · 515151. 1, 588. 11888. 111,
885. 855 458. 1485. 11485714. 8. 75. 111, 5. 78. 88. 11, 5.5
855. 1111555. 11, 557. 885 457. 554. 111111515511, 585
“ 811555.111,4.87.11,1.81.1,8. 1111111811, 5118
m. A. i, mm. uo. wo. 151 1111811441. 1111191
Humi Τ. 11, 555. 11, 575. 555. 111, 55. Hyleus T. 11, 145
11, 815. 11, 785. 8. 11, 1. 175 Hyllum T. 1111, 558
Humida T. 1, 857. 111881. ix, 874. Hymen T. 111, 551. 1, 71. 8. i. 2. 55.
ι, 1 888. A. 11854
Humidum 8. 11, 8. 57 1111511111 Τ. 11, 555. 111588
11115111 Τ. 11, 758 Hymenoeon 8. 117. 87
Humilem T. i, 817. A. 1, 558 Hymetti T. xii, 855
1151111151, 445. 111, um. 111, 871. Hypanin Τ. 1111, 455
.ῑῆ,11ι.ι,154.111.ιιι111. s, i, HyperbomT. ..151
’4ο ⁴⁶· 1111818501 81855. 18, ⁸⁸ Hypel'bom ’11,οω
557 Hyperboreos T. 111555
Humili Τ.1, 171. 11585. 11855. 8 HyperenonT. 1111, 454
111, l. 88. A. 1144. 1115 Hyperiona T. 111, 85. 111141
Humilis Τ. 11, 751. x, 858. 555. A. 1, Hyperione 8. 111, 158. 11, 4. 57. 1,5.
115155 T. 1457. 11555547. 11155. Hyperioni· T. 11, 155. 8. 11, 7. 85
m. 458. 1, 558. 555. 11555. 855. Hyperionium Τ. 111, 418
x. 818. 8. ii, 1. 555 Hypocauntn 8. 1, 5. 55
HumorT. 11558 11111111. 111815. 858. 1111, 855
11511111511155457. 111551. 11, 111ρκοιΤ.11.575. 875
515. 818. 457. 1, 158. 547. 111, 155. 111ριοιιιΤ. 111, 758. viii, 458. 445. 11,
1145511855811585 858. 858. 855. 545. 558. 118811
11115111. 111, 87. 1, 585. vi, 415. 111, Hypsipyle T. v, 55. 544. 715. 11188.
815. 1111141. 11, 54. x. 554. 11, 545
m. 11195155. 51, 111. i, 1. Η1ρ5111157.11,711.11ι. 115111,
55. 115. 58. A. 1. 458 178
Hyampolin T. 111, 845 1111511511. 11841
11115555151188 1111111111 Τ. 1111855
Hyantias. 117. 8 11111151 Τ. 11, 558. 151511

11111 8 1, 5. 51 Hyrcano T. 11, 578. 1, 554. 111, 175
1111111111 Τ. 11, 85. 8. 11, 5. 5. A. ii, 81 Hyrcanis Τ. 111, 554

 

