1111 · 11111 1111111111 111

111111 1 1111111111 11111 11111) 1111101111111.1111111111111111-
111111111111111 ‘vaf-‘leucaten 111111, ,1111 1111111111111,1111ω1 3

11111111 11111 11111111 11111111 11· 111 111111 111111 sugit: 11111.
111111, 1111111 11111111 1111111· 7171111 111 11111111] 11 1111
no 11111111111101111111111111,1111- 11111111111111111 11111111111111·
11111111. ’11111111111111111- 1111. 111 111111111111 11111111-
nu 11111111111111 Non 1111111 1111’11111111111111111111111.111.
1111111111111111111111111 M 17. ’01111 11111 111111111 11111

117 m] 11111111. um. 1111111111 1111111111 111111 111111·

111 1111] 11111111111111111111· 11111· ΙΙ1111111111111,1111111111111
11111 11111111 11111111. Ida. 111 11111111 1111,1111111111111 uter,

111 1111111111] 01111111. Ardae] 11111111111111111111111111111
11111111111111. ’111 1111111 11111111 111111 111-

111 1111]111111111. 01111] 111· 1111,11111111111111 11111111 11·
1111111111111111. Iden. 111.’ 111111.

17101111 1111110111 111111111- 711 111111] 111111 1111111111.Ι E·
11111111 1111111111. 11111. cm] 6111111111. 1111111.

171 uda] 1111111111. cudda 71111111110111111Λ111.

. 1511111111· 11111 1111111111, qn 711 Nn 1111] 1111111 111111111

1111 ’11111111 1111111,111111111111 111111. 111. m 1111111111 1111
11 11111111 111111111 111111 111111· 111111 1111111111 1111111111 111111·
1111111111111111 labyrinthium 11111 111 111111111 1111111111 111
111111111 1111111111· 111111 1111 ’1111111111 1111111 11111 11111111
111111111, nudum fabricatorem 111 1111111111 1111111 1111111111
1111111111111111111111111111111- 11111111 11 11111111 1111111111 1111,
11111111111111111111111 111111 1111 111111111111111111 officio 11 1111-
111111 1111111111111111111 111- 111111111 11 11 11111 11111111111
1111111, 1111111111 1111111111111111 01111111. 111111. hbes] ’1111111
11111111111111111111111111. um. 11111111. ham.

111 Regem 1111111111φί11111] 711 0111111] 0111111111. 1111.
1111111111 1111111111111111111111 711 Qum] 1111111111. Idu
111111111111111111111111. 01111 711 11111111] 7111111. Idm.
1111111111111111111111111111111111 711 Degeneres] 11111111. 111 111-
11111 1111,11111111111111111111,11 111] 11 11111111 1111111 11111111.
1111111111 111111111111111 1111111· Iden.

111111. Α11111,11111111111 1111111 711 71111111] 01111111 11111111·

11111111111,11111111111 1111111111- 1111111111 1111111111 11 1111111.

1111111111,11111111111111111111· Hm.

1111111 1111111. 011111. 711 nm 1111111111] Per 111111·

’ 111 mam} 011111111111111· 1111111111 11111. 11111.

1111111. 1111111. 711 Tum] 1)111111111111,11111
1111 num] 11111111 111 11 11111,1111111111111111111 1111111,

111111 1111111111, qm prohibuimus 11111111111111111111.111ι

npeun. 111 111111 m mmtqu] 11 ιιι. “

111 (3111111 11111] 11111111 1111- 1111111111111111111111111 111111·
1111111 111 11111111. 11111. 1111 1111111111 11111. 1111111111 cnon

711 nem 01111111 11111111, 11 111111111111111111,111111111111111·“

11111111111111111111111111111111· 11111 jubet 1111111 11111 11111111
111111, 111111 11111111111111111111. 1111. 1111111 11111111 1111111111 11-

1111111111111111111111111111 ι111· 1111111111111111111111111111 ,

 

