11 11111111. clix

111, 468. 687. A. 1, 262. 11, 281 147. 11, 2. 86. v, 1. 48
16111611. 11, 282. 1111618. 714. 11, PalpetusT.1.³1⁹
111. 111111. S. 1111111111. v, Ρ.1111.11..11,111. 1.,111. xiim

888 Ρ1111611Τ.1111,17. 11, 462. 8. 111, 2.
Pallade T. xii. 464. 688. 8. 1, 4. 26 67. 11, 8. 8

, Palladi A. i, 286 paludosi S. 111, 2. 168

Ρ111111111“.11,186 Palu· Τ. 11, 876. iv, 767. 1, 748. 11,
1611611111111 881. 8. 1, l. 76. ,11, 8. 66

11111111111, 1.6 1611161111118. 1, 4. 77
Palladio S. 11, 2. 67 Ριωρ111111 A. 1, 684
1118161161, 417. 11, 671 anpineos T. 11, 666
Ρ1111611Τ. 11, 687 Ρ1111111111Τ.11,886
Ρ11116111Τ. 111, 278 Ριη ,1184

Pallados T. 1, 681. 1, 166 Pana. 111486. 8. i. 8. 78. 11, 8. 8. 84
Ρ1111111Τ. 111, 618. 11, 686. 11, 486. panaria S. 1, 6. 81

111812 Pandam Τ. 1, 661. 1, 218. 111146
8111111111 8. 11, 1. 82 Ρ1111111 T. 11, 842. 811, 2. 66
Pau-⁸ Τ. 11287. 248. 764. 1, 867. viii, 1111111. 1, 671. 11, 84. 486. 621. 1.46.,
466. 661. 688. 11, 612. 8. 1, 6. l. 1, 111, 266. 8. 1, 2. 17. 11, 8. 1
881. A. ii, 162 Ρω41111.111,627.1,162.11,786. 8.

Ρ111111Α.11,188 1, 4. 82. 111, 2. 46. 1, 1. 86. r, 8.
1161111611111. s. i,2. 11 111. 111. A. 11, 111

Ρ1111611111Τ. 11, 666 panderet S. 11, 8. 82. 1, 2. 178
1111111111. 112. 66 Pandioniae T. viii. 617
Panem T. 11, 276. 818. 11, 888. 11, 861. Pandionio T. 11726

11, 684. 111, 141. 686. 8. 11, 1. 217 21611118. 111, l. 164

Ρ1111111 Τ. 1, 626. 111228. 111, 466 6111111. 11, 868. 11, 764. 1, 284. 8. 1,
Ρ1111111111Τ.11,626. 111676 1. 22. 1, 2. 146

Ρ811111111Τ.11,48.421.666. 111, 868. Pndite Τ. 111, 772
111 668. S. ii, l. 286. 111, 8. 24. 128 Panditur Τ. 11, 626. 1, 6. 188. 8. 111, 8.
Ρ1111111Τ. 11216 68
2111111111 Τ. 11641 Ρ11161Τ.1,244. 811186
Ρ1111111111111Τ. 11111 1311111111. i, 161
2111111111 Τ. 11, 26. 8. 1, l. 27 Panemo T. 11, 288
Pallen T. 1, 888 Ρ11118.11,2.166
Palleat S. 1, 2. 166 Pana S. iv, 8. 87
Palluit T. 1, 647 Pnngaen T. 11, 666. 1, 612. 8. 1, 2. 228
1811111. iv, 11. m. v, 111. vii, 111. 1111111.. s, v, 1. 111
1, 666. A. 1 868 Pannonius 8. 1, 4.78
8111118. 111, 186 Panopen T. 111, 844
21111111 T. 11, 126. 111, 884. 614. 11, 828. Panopeus T. 1, 487

v, 111. vii. 111. 1111111. 11111 1811111111. se
Ρ11111111118.11,7. 118 Paphia S. v, 4.8

Ρ11116111Τ.1,666.11,466. 11111811, Ριρ11111 Τ. 11, 886
264. 111488. 8. 11,7. 16 1111111118. 111, 4. 82
ΡιΙΙοι Τ. 1, 687. ii, 88. 61111. 11, Ρ.ρ1111.1,1.111
767. 1, 264. 111866. 1, 686. 11, 886. Paphon T. 1, 61. 8. 12168
111786. 8. 1, 1. 76. A. i, 188 Pm T. 111866. A. 11, 184
Ρ1111111 Τ. 11, 884. 111868. 111168. A. Ρ111611Τ. iii, 868. 1, 714. 1111184
1,616 Ρ111611Τ. 11, 788. 1, 666. 11, 688. xi,

Palluit Τ. xi. 446 148. xii, 422. 669. S· 1, 2. 26. A. 1,
Palm Τ. 11, 642. 8.1, 6. 18 86 ·

mu... Τ. 11, 826. 488. 681. A. 1, 68 2111111811, 4. 71
Ρ1111111Τ. 11, 816. 866 Pannona. 8. 111, 2. 48
Palm· Τ. 1, 481. 1, 284. 886. 11, 667. Ριηεῑοπίο Τ. 1, 12

8. iii, 4. 88 Ρ1111111Τ. 1,241. 1187. 8. 11, 8. 62.
21111111 8.1,2. 188 A. 11, 88

Ρ1111111 Τ. 11, 886 211111811266. 11181. 11626. Λ.1,
himine 11211167618. 11, 2162. 111, l. 166. 272 “

 

