111 111110111161

ΒοωὶηπΤ, 1,91, 111, 297. S. 1,2. 28 11,9, 81. 1, 1. 19. 287, v, 9. 77. 1,

211 · 8,161, 11.1·.ιοο.111.11,’11
1100611118.11,1,19 110111Τ,··11,29211,191.11,168, 1111,
110111111111116111Τ. 11, 162 119311, 669, 11, 72. 811, 11, 787, S.

Ι)011111111111111.111, 628 1,2..11 1,.1 11,11,1,168,·11,1..61 ,

1101111111Τ111198,1,6.,.6,11,29 111,6,29,11,..6811,1,26911,,2
110111111811, 297. 11, 589. 8.1, 1. 61. 117. 1, 1, 61. 226. 11,· 1, 119, 126.
11,.,16176,11,2,29.,1611.,,1111,11116172
66289, 11101. 111,1.11, 161. Ι)011111111Τ,11,762
11, 6. 92, 1, 1, 71. 112, A.' 1, 281 1101111611Τ.·11, 819
1)611111111·1·.· 11, 626. 812. 1, 678. 11, 1161111111Τ, 1, 711
896. 1111,892, 8.··11,2,197,11,8. 16 Ι)01111111Τ.·· 11, 955
1)0111111οΤ,1,192,111191,687,11,11011118,11,.9.21
619.916,111,687.1111611769,1,110111111Ἰῖ 11, 819
186. 111,8198,1,,,16111,.1179 Ι)011111118.11,6..69111,1.216
11,.,28111,6,1.11,6,,96 111,.,1119 Ι)011111111Τ,1,679
111, 1. 26· 11, 2, 95. 11, 6. 29, 1, 1. 99 DonntT. 111, 69.· 11, 28611, 828 8,111,
1)011111101111118.11, 5. 88 1,169.111,1,7
DominosT. 1, 611. 8,111, 1, 95 Donatus. 1, 1, 229. A.‘ 11, 177
Ι)0111111111111·.··111,261, 11,782,11,161. 1101111118ᾙ111,1.76
186. 11,.691 8,1,1,,“11, 5. 81. 111, 1101111111Τ, 1, 999
1,16,1,.1 951 110111116111,1.11ο
1111111118.11,1. 89.111,1. 199. 111,1.110111111Τ,11,822
191. 1,1,91 DonerT. 111, 212
110111111111Τ. 11661 11111111. 11
1101111111Τ. 11, 219· DouetT.uiv,919
1)01111101Λ.·11, 186 Ι)01111Τ.·’ 11, 268. 297, 8.1,.,·2166 111,
1101116Τ111612 11,.812 11869 8. 1.116,111,1..101 11,8.21 1,91
11,..6111,817,11,.,7881,,186.176.1μ12.Α,11,.18292
Α.1,178.11, 219 11011οΤ,1 ,7,61 11, 119. 11,111. 618.
1101101111Τ.1,661.111,71.1,67.8.1, 611.968.111,666.1,.66 8.1,1,167
2186 Ῐ)ο11111118.· 111, 1. 67 ·
1101110113· 1, 221, 167. 11, 155. 999. 111, 1101111Τ,’ 11, 868
678, 11,69. 888919. 1, 67.97, 197, Dorceu Τ.“11, 816. 886
119. 111, 7, 1111, 2. 19, 229, 998. 915. Dorceu· T. 11, 899
886.11,618,798, 1,118. 768. 881. Dorica Τ,11,719, 111, 999. 1111, 188.
899, 11, 186, 761. 111,19. 166216. 11, 811. A. 1, 895, 11, 196
287.619.786, S. 1, 2, 12ἱ9, 169, 1, 116116111Τ. 11, 182. 111, 116. 1111, 616
9. 99. 11, 2. 69. 111, 5. 99. 69. 11, 2, 11011111 T. 11, 171. 8.11,2. 196
99. 11,1.28, 11, 9. 88, 199. A. 1, 9011618161. 28
159. 11, 86 Doridos 8. 111, 2. 16
1101111111Τ. 11, 81 Dorion T. iv, 182
Domuiuet'l'. 11, 81 1101118. 111, 2. 89
110111111811, 2, 66 11011181, 1 68, Α,1, 118
1101611111, 595. 111, 169.·11, 119112 110110111111611111.1161161,
1,,61911,191.111,117,11,.199 .¹.⁴ 2..1111,1.,1196
176678.8.11,2,21,111,2,119,111, 110111111Ὺ11,671,111,18
88611,.,8211,Ι.119.Λ.1,121,1111111111·11272112968,1,1,19
211, 1189111 1161111116, 119. 11, 126
116111111Τ11, 17, 299. 666, 589. 591. 11, 11011111Τ, 11, 189
216696. 1111116116. 11,26.191. Ι)1110110111Τ1111,16
278,1,,2177,121.211,119,127. 1111611111Τῦ· 11, 279
691. 1116111, 111,12, 261, 677,1)11111111Τ.1169
719,1111,667,686,618,1,121, 111, 1111161111ΤΓ11,621.11,129.·11,6788.
18.619,.6198.1,1..71,2,167.1,1.77
. 289,11876811,6,19,11,.1 1111111111Τ.1111.866, 11,812
67,76,117.11,2,16.11,1,11.111,1111111111Τ,11,861
1.82,7996.181.111,1,16.121,111]111.111,2·66.11,867,876.11281
111,1,21,11,6.61.89,11,816.21,111361111ΤΙ 11, 611

 

