115 STATUAM.

1111115115. 1, 5. 51 577. 5111175
0111111155, 2. 552. 11, 7. 155 111111111.11,555
ΒαρίοἰιΤΠ 1ι, 55. S.“ 111, 1. 155 1111111115111,2. 152
DopounT3, v 225151 ’11111111151555
Dauum· ιι, 155. 11,255.1111,552. 1111111111Τ311,555
11, 551. ι, 55 111111111Τ.111,755
111111111151, 255 11111111Τῦ11, 511. 11, 555 1ι, 512
nautith 111, 555.Τ. 1, 275 . 111111Τ.1,575.11,77. 155. 111, 57.
1111111111Τ.11,525. 1111215 111171111111111511. 11, 125.
11111111111131, 552. 11755. 111, 252. 552. 1, 22. 555. 555. 555. 11, 555.
551 1111, 5211. 11, 552. 1,.155 155. 522.
1111511511Τ.1,555 555.211.11,21.155.255.255.111,
111111111Τ.1,5172.111,55 5525111, 1. 11. 111, 5..1 1,1.155.
1155155151. 111, 277 1, 5. 255. A. 1, 555. mm
1111111111. 1, 251 1111011 Τ. 11, 571
unumst, 125 neronis. iii, 5. 155
1111111111Τ.1, 155 1111111111Τ. 1, 725
Dounax ι, 215. 11, 255. 1,1.52 11, 1111011111Τ.” 111, 225
257.111,755.5.15.72.11,1.155.11111Τί..555·ι1,55.55.555.111,252.
111, 5. 25 255. 525. 577. 555. 555. 551. 11,
Dar: ι1, 751. v, 752. 51125511, 157. 155. 257. 225. 255. 525. 552.
1111111111 , 111111 v, 111,111111111111
neusin: ι, 555 ’ 11, 575. 521. 715. 111, 1112. 551. 755.
1111111151522 111,275525.11,551.555.1,15.
1551111511557 21. 552 552 111,..552725 S 15.
1111111111Τ.1ι,575. 51, 1.522 55111. 11, 5. 15. 11, 555. 1111.
1115111111Ἐὶ,555 12..22111,5.25.57.11,5..125 11,
&mammo 555..51 1,1.57.155 1, 2.175.
1111111,ιῖ11 .,ι..ιι 1.1..111111
1111111155 117 111111151717.111,555.11,125.·11,
nemu, 5152 555.··..’,1211512.211.1,1.15
11151115111255 11111111Τ.1..55275.555. 51255
111511151511, 521 1111111111. 55. 11,155.255.555.555.
Detinet· 11, 155. 111, 551. 511, 2. 57 111,155. 157. 222. 575. 11,5.557. 1,
1111111115.111,1.52 255. 11, 555. 572. 255. 255. 111755.
151ωῶ511755 1111, 555. 11. 275525. 5552511. 1,
Dumque-ATU 11, 557 151. 152. 255. 555557. 572. 552.
ΒειοιιιιιοιΤ. 111, 727. 5125 255115125557. 552. 555755.
1111115115 111ι, 575 ιιι, 555. 757. S. ι, 1. 57. ι, 2. 57. 11,
uenum. 1, 551 1.125.111,1.125.111,5.155.111,5.55.
Daunum, 555 55. 11,2.11. 11, 5. 55. 52. 77. v. 1.
1115111151255 15151. 12525512.115.1,555.
1111111117.ήὶ,117 M, 125. 555. 525
111111511Τ.11,555.11,277.5.11,2.15.11111111Τῧι,555.575.111,522.11555
ιι. 5. 75. 1. 5. 275 757. 711. m. 111, 555. 752. 1111, 155.

·1).ιιι.ι.ι.1.··ιιι, ιιι. 1,111 ιιι. ιι. 111. 111. ιιι. 111. ..111 “’

0111151257. 11,.551 1,111. 51, 1175 11152. 511555. 11,5.55.
5. 25 1,1.155
1111115115 11, 555 11111115’11,57211,521.111,152.
Dareum! 11, 157. A. 11551 1111. 551. 1175155555. 555. 1,
nominum, 525. 111515 552.551.111,255.5115.55.111,
1111111115 11, 725 5..51 A. ι, 55
nemim? 111, 55 111111111·.·11,152.1111551515.11,
Dede. 1.555 215.111.ι.11.ι5,555.5.1,1.55.
neven 5155111555. 111525. 111, 11, 5. 5. A. i. 555
55511255. 111,255 Dextri T. 11, 225. 11, 572. 1155. A.
1111111115 11555 11, 55
1111αοΤ.111,557 11111ιί1111525. 1,151. 111725
nai-T.‘ 11, m. 1,252. 11, 555. 11, 11111111.11,755.11,52.555. 111555.

metra. οι... ιιι. ιιι. ιι

 

