010,

218. 1, 881. 888. 111, 878. 8111, 1.
81. 111202. 111,8.87. 1, 8. 114.
Auula

Regii T. iv, 800. 11, 480. 111, 72. 1111,
400. inuium

11031111 Τ. 1, 87

11131018. 11, 0. 01

1113111Τ. 1, 1. 117. 188. 282. 814. 11,
100. 808. 844. 800. 481. 477. 11,
w· 7309816ω171133ω1 71113461
78. 1, 888. 11, 020. 077. 700. 111,
822. 880. 448. 008. 8. 111, 8.0

11123ὂι1811ᾞ1417. sii, 1. 00. 1,1.

1103111811 Τ. 111, 884

111301111Τ. 1, 700. 11,028

1103010100 Τ.1111,018 ⁴

1103111101 Τ. 1, 700

1113011101 T. 1111, 807

1111301101. 111, 78. ν, 487. 11, 747

1103111111 Τ. 1, 088

11031111 Τ. 11, 877

1113011 Τ. 1, 200

11030111 T. 1, 884

1113111101 Τ. 1, 088. 111, 41. 11, 421.
11, alono· s· 11341 2⁵· iV‚2. Μ·
iv, ⁶· 6011061 11371 ⁵· A· i. ⁶88·
18, “⁹

Regni T. i, 801. 11. 110. 108. 211. 880.
800. 111, 80. 710. 11, 802. 1180.
'iii‘ 2¹0 11, 541 XT, monost„-
111, 78. 180. 100. 202. S. 111, 2. 14

103101.1,11.110.111.101. 11111.
200. 488. 111, 840. 111, 008. 11, 04.
427. 040000

Regno Τ. 1, 101. 817. 11, 800. 1, 47.
821. 11, 182107

1031010101οο 111101. 101

1031101. 1, 084. 11, 440. 11, 88. 478.
778. 1, 070. 111, 800. 887. 8. 1, 8.

Regressa.. S. 111, 8. 187

1103111101 Τ. 11, 878

Regni· Τ. 11, 008. 8. i. 0. 40

111301018.1,4.88

“ 110311οΤ.1,80.147. 11, 100. 824. 1,

81016861 VT, 15· uo· 111, 209· Ι,
108. 840. 442. 11, 100. 801. 070. 084.
111, 08. 8. 11, 4. 20. 111, 1. 88. 111, 8.
81. 1, 8. 10. 00. A.i, 808. 11.,00.

1113000118. 111, 8. 40

111,ωο T. 11, 178

¹ ReJicit T. 11, 074. 11, 770

11111 S.ii 8. 08 “

11810101118.11,0.78.111,8.8

1110111101

111110 A. i. 887. 11, 184

Rheni 8. i, 1. 01. 70. 11, 8. 28. 11, 4.

1Ν1111Χ

011,1.00.110.1,1.118

’1111000111111081480

Rhenus S. 1, 1. 7

noem A. i. 44

Rhodope T. 1, 180. 11, 108

1180000011Τ.1, 121

Rhodopen T. ii, 81. 11, 880. 1111, 408

Rhodopa T. 111, 181. 8. 11, 2. 40. 11,

Rhodon S. i, 1. 104

Romu A. i, 400

Relatum 8. 11, 8. 14

1111131811 A. 1, 28

1111031111Τ.1,272. 8.1,8.20

Relicto T. 111, 20. 100. 11, 800. 111,
708 1, 808. 11, 240. 408. 087. 8. v,
8. 102. Δ. 11, 181

10100. τ. xii, 110. 111111

’ Relicti T. 11, 28. 111, 144

Μ1Β818Τιῖ. 91· m· ⁷²⁵» 'Ti' “¹0
011,101.0.1.,1.11. A. i. 011

1111101οΤ.11,288. 111, 178. S. 1, 1. 08.
11. io · ·

Raeiictoo T. 11, 278. 1. 810

1111101110 T. ii, 28. 1111, 111. 017. 8. 11,

11000101 Τ. iii. 278. 111, 888-

1101131 Τ. 111, 017

1111130111 8. 111, 2. 81

Religio T. 1000

110Ιί030110 Τ. 11, 448. A. i, 880

8011000118. 1, 1. 201 ·

Relinque 8. 111, 4. 07

Relinqoous Τ. 1, 401. 11, 10

Relinquat T. 111, 040. 1111. 120 .

111Ιί001101 T. 11, 788 ·

- 1111110001 Τ. 1, 018

1111111011 Τ. 11, 848. 1,181. 11008.
707. 111, 807. 8111848. 11,8. 102.
1,8. 101

Relinquit T. 1, 807. 1, 278. 8111.
182. A. 1204

Relinquitur T. 11, 280

Relinquunt T. 1, 7. 087

Reliqua Τ. 1802

11ιί1000111 Τ. 11, 202. 8. 11, 1.100. Α.
1, 100

Reliquerit T. xi, 808

Reliqui T. i. 72. 1, 011. 1111, 148. 11,
888. xi, 002 , “

Raeiiquiu T. 111011 11, 078. 11, 80. 1,
708. 11800. 111, 28. 8. 11, 1. 181

1101130111 T. i, 277. viii. 727 ’

11111ᾳυί1111, 048. 11, 881. 111, 88.
110.110.001.ι.011. 0101. 111,

111,. 1, 1. 11. iii, ι. 110. 11,8. 112.

1101101101 8. 111, 2. 81
1101110001 Τ. 1, 182

 

