1111

8111111111 Τ. 1111, 11

8111131118 1. 187. 11, 88. 11,188. 1,
888. 871. 811, 1.188

8111111118 11, 881

8111111188118. 11, 1. 188

8111111111 Τ. 111, 781. 11, 888. · 1, 888.
111, 11. 811, 8. 17

’1Τ.11,88. ,1, 887

Any 118111, 8. 181

81111111 T. 11, 81. 11, 888 ,

Assyrio 8. 11, 1. 81. 11, A. 88

· Ampio· 8 111, 8. 818

81118811 Τ. 1111, 788. 718

811111811 Τ. 1111, 718

8111111 8.1, 188

8111111 Τ. 111, 888. 111,18. 11, 817

81111 Τ. 11, 878. 11, 881. 11, 888

81111111 T. 11, 188. 711

81111118. 1,8. 187. 188

8111111 Τ. 11, 878. 1, 888. 11,.887. 888.
111, 888. 8. 1, 8. 17

8111 Τ. 1, 818

mm

8111111118. 11, 888

hum so Τ» ..π

Aa 11117. 111, 171

8 UT. 11, 888

1111111111. 111, 887

811111111 Τ. 11, 888

8118181811 Τ. 11, ⁷oe

8111 Τ. 1111, 718

8111111111 T. vii. 888

88111111181,8.118

8111111118 1, 18111, 188. 1111, 118.
8. 11, l. 118

811111 T. 111, 881. 888. tw

’ 88111111 T. 111, 881. 8. 11, 7. 88

Affinis Τ. 111, 888. 81, 8. 88
8111111811, 8. 88

81811 Τ. 1, 88

81111111 T. 1111, 818

Atlante 8. 11, 8. 18

81111111 A. 1, 888

8811111811 Τ. 1, 888
8111111181, 1. 88. 11, 8. 187

1111181111. 1118881178. 11, 111. 81111Τ.1,881,188. 111,1

881. 1,181.881. 1188888888.
188118188188. 111, 111. 181.
171. 1111, 871. 788. 11, 87. 1,878.
887. 888. 1111111111. 111,1.
881. 788. 8187881. 11, 1. 88.
811. 11, 7. 88. 111,1.88. 111,8.18.
11, 88811, 8. 88. A. 1,818

Alfflsni,⁴·8

81111 T. 111, 88. 11, 777.. 8. 1, 181

811111111 Τ. 11, 888

811111111Τ.11,787

81188118811Τ. 11, 181

8111111111 T. 1111, 88

81811111111111188. 1111818

8111111111Τ.1,888

8118111111 Τ. 111, 118

8111111118. 111, 8. 187

811111 Τ.’ 1, 88. 11, 88. 1118188888.
11, 878. 788. 1, 81. 111. 11888.
888. 11188188. 111118. 118. 871.
888.11,888. 1,78. 887. 788. 888.
11, 78. 88. 111, 81. 18. 88. 188. 888.
S. 1,1.118. 1,8. 117. 1, 8. 88. 1, 1.
88. 11, 1,81. 888. 111, 8. 188. 181.
18. 11,1.1.11,8.18.88.1,1.188.
188. 181. 81, 188

81111 Τ.11,888. 1,118. 1,88.888. 8.
1, Ι. 881, 88

Amorum Τ. 111, 81. 818. 888. 111, 188.
8. 111, 8. 81. 8.1,811

8111 Τ. 111, 88. 1, 888. 11, 188. 788.
881. 11, 118. A. 1, 888. 818. 871

811111 A. 1, 888

81111111 Τ. 11,·18. 111188

811118 1,1.11. 8.1, 888

8111 Τ. 1, 818. 888. 11, 811. 111, 871.
888.11,118.888.888.888.7ῆ. 11.

87. 111, 78. 188. 811. 181. 788. 1111. ’

78. 878. 888. 1, 788. 11, 78. 171.
111, 111. 711. s. 11, 8. 11. 11,1.111.
1, 8. 81. A. 1, 188

1111111.1,111

81111 Τ.11,188

81111 Τ. 1111, 718

1111111111. 11, 811. 111, 178. 8. i.
1. 81. 1, 8. 187

81111 T. 1,118181. 188. 11, 18. 818.
11,18.1,87.881. 81818. 8. ’1,81

8111181818118. 111,8.88. Ama.
1,111

8111118. 1,188. 11, 11

8111811 A. 1, 88

1810111111 11,111.-11111.

8111 Τ.1, 188881. 1188888. 11, 88.
8111117

11.,..11111111 1111 vv, 111
881. 8. 11,1.111. 11, 1. 88. 11,8.
18. 1,1. 178

8111811811 -

Atrox Τ. 111, m. 11, 88. 188. 1111, 78.
1188887811. 1,818. 111, 888888.
8.11,7.188.111,1.118.11188811,

8111118111 Τ. 11, 118

8111118118 11, 8. 78

8111118111 Τ. 111, 888. 8. 1, 8. 888

8111111117.11,71

8111111111 ’1.11, 818

111111. .,111

 

