ccxvi 11111111

811111111111181,8.87 8111111117.11.718
81111111 Τ. 1 888. 888. 818. 111, 87. 888. 81111111111Τ. 111888
88111188. 11118. 111888. 1111, 8111111111111Τ.1,88.1118.1,888.888.
11 ι,111.1ι1.111.11,111.1.1,ι. 11, 111. 1. 11, 1. 11
88. 111, 1. 88. 1118. 88. 111, 8. 18. 88. 88111οηὶ8111 Τ. 811, 818
A. 1, 188888 8111111111 A. iim
8111111181 T. 1111, 818 Suprema Τ. 1, 888. 111, 871888. 11, 88.
811818811181118. 87 1, 188. 788. 11888. 111, 888. 888.
81111111 Τ. 1, 188. 11, 188. 8. 111, 1. 78 788. 1111, 788. 18, 88. 887. 888. 817.
8111111111 Τ.11,188. 81888. Λ.1,111 1881888888. 888. 11, 188. 111,
8111111118.11,8.88 188.787.8.11,1.881.118.188. v,
81111111.11,888.11,888. 1, 788. 811, 1818
888 8111111111Τ.11,888
81111111Τ. 11, 17. 88. 818. 888. 111188. 8111111118111, 888
888. 888. 11, 888. 111, 888. 1111888. 8111111111 Τ. 111, 888. 1111, 788. 8, 788.
818. 1181811188. x. 8811. 888. 8118. 811, m
81888. 111108. S. 111, 8. w. 11, 8. 8111188111Τ.111187. ,11, 1811. 181. xi,
11. 1,1. 1111. 1,1. 11. 111111 11. 111111. 11111
81111111811Τ.11,718.1,888 ¹ 8111111111.11,888. 1111, 78. 81, 888.
811111118111111 T. 1888 11188. 8. 1, 1. 178. 1, 8. 77
8111811111Τ. 1, 818 8111811111 iii, 818. 811, 878
Superstes T. 1, 188. 11, 881. 11, 88. 1111, 8111111111Τ. 11, 888. 11, 888. 81878.
111. 11111. 1111. 11111111. 1. 1111. 11. 111111 .
111818. 8. 11, 7.88 8111111181 Τ. 11, 888. 11188
8118181111 Τ. 111, 888. 111, 888 811111111111 A. 11, 888
8111111181Τ.11,11.“111887 8111 ·11.11,111
8111111181 Τ. 11, 881. 11881878. 8. Su 8Τ.111,888. 81, 8. 18. 11, 1. 7.
111, 1. 188 1 8.17
Supervenit 1. 11, 111. 11111. 1.,111. 1111..1.1.,111
A. i. 188 81111111 Τ. 11, 888
11111111.111,111.111.111. v, 188. 8111111111Τ.11,888
178. 888. 888. 718. 788. 11188. 1111, 111111111111. 8. 1, 1. 88
88. 11881888. 8,888. 887. xii, 8111118.11,8.78.1,8.187·

78. 888. 81118188. 1111111, 811118111Τ.1,888.887. 811888. 8. 11,
8.1. Δ.1,818. 11818 8.81

8118111181Τ.1,188 8111111111 Τ. 11, 878. 81111188. A.
811111118Τ. 1,888 1878 '
8111118111 T. 111, 818. 111, 887. 878. viii, 8111111117. 1111, 888. 8. 11, 8. 8
881 8111 111 Τ. 1888
811ρί181181 Τ. 811, 888 8111ξ811118Τ. 1, 888
Supina 8. 11, 1. 18 Surgere T. 8, 888
811111111Τ.1,818.11,788. 111888 Surgeret T. 11818. 11888. 8. m.
8111111111 Τ. 1, 888. 18, 878 188. A. 1188
811Ρ8188Τ1816921 881 ⁶⁸⁸ 8817888 Τ181Μ1 ,81 lm· m· 81141..
81111111 Τ. 1111, 881 888. 8, 888. 11111
8111111111 8. 111, 8. 88 8111118111, 8.18
8111111818 8111887 81111111Τ.11,818.1,888.11,8Μ. 11,
8111111111.11,11 · 888. 8118. 8.11,7.188
8111111111Τ. 11888. 8111888 8111111111.11,1.11. 1118188. 11,
8111111111Τ.1,888. 111887. 1, 878. 11, 8.8
818881. 111188. 1111, 888. 1,88. 81111811118.1,8.188
111. 1. ii, 1. 11. 11, 1. 111. 1111. 1111111111. 11111. 1 i. 811
A. 1, 88 8111111111 A. 11, 188
supplice T. 8, 888. 81, 878. 888. 111, 11111111.11,11.881,1.18
888.8.18.87.1,1.888. Δ. 1, 888. 8111118818. 88
1111 8111111111. 11, 81
811111111Τ.11,878.1111,188. 81188. 8181118118 Τ. 11, 887. 1111188. 81, 871.
111. 111. 111. 111 111111. 111111. 111111. 11,
supplicibus T. 8, 788. 81, 788. 111, 888 888. 1178 “

 

