clviii

011 Τ. 11. 89. 499. v. 497. 11871.
848. 1111, 484. 787. 11, 11. 111488.
8. ii. 8. 91

On T. 111. 111, 819. 1111, 79. 8111,

01ηΑ.11.497

01101Τ.111444

01118111 Τ. 11, 498. 11184. 11748. 111,
789. 181711. 11884. 8. 11, 7. 84.
mmmm

0141181 Τ. 111, 887. 8. 1114. 8

0141111111 Τ. vi, 89. 111, 448. 11, 188.
1, 448. 818

Ostendent T. 1111, 889 ,

0141141111818

ostendinus Τ. 1111879

mandit T. 1111, 848. 8. 1, 1. 84

0141181411 Τ. 11, 188. 11818. 1. 878

01411111 Α. 11. 88

0111141111 Τ. 11999. 11, 448

0111111117. vii, 2⁸8. 111115

0141114111 T. 11847. 111, 889. 11 788.

· Δ. 11, 148

οιιωωκιτ. 11, 184

9111111117. i, 44

01411. 1, 148. 11888. 817

οωωω1ω1ω18
111471. 1111484. 11898. 814.
m· TV, Ι· ²1· '9 ¹· mo A· T, ⁸⁰8·
1188

01411118.1,8.88

0111111 Τ. 1, 718

0911111111, 8Ι9. 11, 844

oth 18.1888.488

oti. ,111, 8. v, 199. 11111. 889. 111,
89. 481. viii, 44. 191. 148. 884. 11,
841. 1118. 1118188884. 1, 8.
199. 1. 4. 74. 111, 4. 81. 84. 11, 4.84.
49.11,8.8

0111111111

011111 T. 11881884. 111889. 1, 4.
1111898.11,488. 1. 481. 849

Onnum T. 1, 411. 111891. 111994.
111. 484

0111411Τ.11, 841. S. 11, 1. 98

011141 Τ. 11481. 818849

014111 Τ. 1148

0111 Τ. 11, 878

0114811111

011111 Τ. 1, 489

01111811 T. 1, 48

omnum S. 11, 9. 88

Ρ.

Ρ18111Τ. 11, 798. 11881. 1111888. 11,
899. 448. 11, 48. 111, 886
Ριοιδιῑ Τ. iv, 889. 11198

mnu

Pmntem 8. 1, 1. 891

ΡιωιιΤ.1,889

Pmtur T. 11, 441

1111111 8111189 o

Pnce T. 11887. 484. 741. 111, 888. 871.
mmmmfflmmw
S. 14. 84. iv, 1.18. Α. 11, 184. 148

Panem Τ. 1448. 11487. 11197. 884.
899. 887. 1, 198. 877. 111. 88. 841.
818. 897. 1111, 189. «1, 897. 11, 188.
111499. 81118. 111188. 118.
17. 11,4.49. 1,8. 88. A. 11, 88

Ρ111Τ. 11488. S. 11, 8. 184

Ρ1111111Τ. 11188

Ριο18111 S. 1, 8. 189

81118111 Τ. 111, 688

11111 T. iii. 447. 11, 898. 888. 111441.
1, 884. 8. 1, 4. 74. 117. 111. 1118.

Pacisci T. 1, 819

Ριοίι Τ. 11884. 879. 8. 111, 8. 88

1811181111898 ·

Ρ11411 Τ. 111. 848

Paeto T. 11, 197. 1111811. 1814

Pactum T. 14. 111178. 1, 484

13111111 Τ. 1111455

Pado T. 111, 414

Ρ11111Τ.1888. 1, 848. 8. 1, 8. 8. 11,

Paua T. 11, 187. 1, 899

Penne· T. 1111, 884

Paeonen Α. ii, 417

Poonio S. 1, 4. 198

Ρ1 1118. 111, 8. 148

1111111111 T. 1111, 188. 11, 881. 8. 11, 1.
189. 111. 8. 89

8111111011 Τ. 1. 188. 111. 481

8111111111 Τ. i, 14

Palaemonio T. 11, 881

Pnlaemou'u T. 11 19. 1, 488

Palmum S. 111, 8. 198

Palatini S. 11, 1. 181. 1, 1. 818

Palaestra· T. 11888

Palmum T. 11748. 888. 8111. 1. 148.

88

smffimfflww
1111111111. 11, 81
Palmum T. 111784
Palatius. 1, 1. 84. 11, 1. 8
Palatino S. 111, 4. 88
Pale T. vi, 889
palearibus T. 111, 888
Palen A. 11441
Pales T. vi, 111
1111111, 119. 11, 887. 18, 89. 11499.

 

8ω881811118111 3

mmmmnvmmdmn.
mmwssmmmm Ἴ

