elmi 111111

8111111118, ι,1. 181 811111141Τ.1144,888. 14, 288

ngunTaLAAA Ρ11141Τ,4,428,41,484. 144,,484111”,
mmm. 1441, 184 484, 8.44,1,174

Pnacium, 4.144 1411481111Τῦ ιι, 884
Praetor. 4, 444 811ιί111183 11, 4. 144
ΡιιιιωΤ, 144, 728. 1444488, 41, 448, 441111Τῦ ιι, 447 1, 448
14,,488444,4,42.4.41.,84.444,44 811118.ἰὶ,1147.81,4,148
ΡιιιιιιιιιΤιι 874 Ρ1111Τ,14,8ω ·
8111141184, 478 ΡιιιιιιιΤΝ· ιιι, w
8111044181, 1, 74 441ιί848844, 8. 27
PmiAeT. 1444, 484. 1,11. 782,8.4,1. Ρ11111111Τ, 14, 748
14,84,4,147,ι,,481.111 Ρ11141114Τ.144,444
Μῦ84,2,174.444,1,114 4411141441Τ,44,488.144,,,,248281
ΡιυίμοιιΤάιΛω, 8.1ι,,48 841.14,171,14.111

anag-mv, 8. 14 8111114118144147, 488. 487. 844,
1111111141111 427

48118411144187 41111117.1,141,41,.111 1,,881 14,
Paua-arascos 81288781144811248
811811111841, 181. 14, 284 pamm· ιι, 478. 144, 444
811111181181, 4, 87. A.i.m Premtum'r. 1, 818. 8,4,,448
Ριαω84181,1.117 hmtmT.A,4oo.·=ii‚4es.A.fiv
Ριιι11114.4,487 41111114.1,141,111111
811111184114, &immi 4411844448, 1, 4. 488
Ριιι111118,4,4,448 Ρ111111Τ.14,481.8.1,.2814,4,
Prummu, 4. 144 444

Ρ11114411441Τ, 11, 848 111111111411.111414411114111,
Ριιι11Τ1184184,2,418 11148484 141444 8,1,1,48,
Ριιιαὶιςὶιιι4Τ, 14 ,488 Ρ11144111Τ. 1114114. 41,884, 4, 74

modestam ΡιιοιΤ,444,478,,841,4.142
Ριι1111141Τ.14,481 PmentutT. 144, 888

4111111111.14111141,111 1111111111

Pmoenuw. 144, 48 41111174114114184111, 1,147.
1411111111Τῇ 141, 481 ιί,841,144,818.1444,124.41,448.
ΡιιιιιιιιιοΤᾺ ιι, 488 1,488,418. 11, 448, 847. 788. xii,

rammam 481444. 8,4,.,4184 4,488.ιι,1,
Pamisum, 18 48

1111111148, 417 Ρ1111441Τ, 14, 711, Aa, 4.17

1111111141, 442.1444,,488 841, 4. 48. Ρ11144111Τ, 4, 484. 144, 488, 41, 418. ι, 4

1,.,418844128 448..4888,4,.488,ἱι,,48,.,441
171141141444111Τ3 ι, 271 2148. Α,4,878
ruminus. 414, 2.84 Ρ11111Τ.4,78, 14,848.144,248.421.
promtum ιι, 182. 1, 474 1444, 418. 441, 447, 717. 744, 41, 88.
Pmtmmraiim 824. 1,,874 774.14,748,788,
Putea? 111488 144, 4411848. 818, 8122881
Ρη411α184μ488 41844488 8448118188.
mimus-AM 41211114411127114,
Ρω411118.4,,,·2244 44,1.148, 41,.1 87,ι,.,,,14781284.448.,11.
24 47844488, 4844484
11111141,411.11,1,11.11 Ρ111111414.44,147
81111841Τηί, 478 , ΡιιιιιιιιΤϋ· 114. 144
Pur-lathi. 414 Ρ1111111Τ,1,448,1444,441.Ᾰ.4,488
4411141144, 424 Ρ1111118,4,4,4
1411111411Τ111411 Ρ1111114Τ,1,,,247828 141,,488.84,
8111111111Τ,14,..448444,27 1,81,444,.248,.4.4,888
441111141189114, 8, lu Pramum. 4, 841
8111114111Τῦ ιι, 12 ΤιιιιιιιΤ, ιι, 848. 844, 4. 44

ΡιιιιιιιοιιιΤΛ ,884 Ρ11111411Τ,144,484,14,88. 81141,
1111111117.ιι,111.1.111,ι.111,111, 81

1..,,1181178844187 Ρ1114141Τ,44,888.444,.14841,487.

 

