1111111 11111111

, 11,1.180. 1,1. 178. 188. 10000. 8111101500. 8. 1, 1. 71. 111, hm.
11, 100 11, 1. 17. 11, 8. 180
Surorum 8. 1, 8. 75 811108. 1, 1. 181
80111Τ.1111,818.178. 11, 18. 1, 770. 8111111. 11, 818. ι, 581011
111,181.110.718.801. 8.1,1.11. 811011111Τ. 11, 81. 8. 11, 8.81
11, l. 21. Α. 1, 010 8110111111ιο 8.11, 1. 80
81110111’1’.111,080. 11, 071. 11, 111. viii. 8110111100 T. 11, 18
008. 11, 108. x, 808. xi, 102. 088. 81101118. v, 8. 188
710. 111, 01. 577. 8. 111, 5. 82 81101118. v, 8. 218
01111Τ. 1, 128. 11, 28. 80180. 11, 58. 8110111101 T. 111, 101
ffimwwffiffimmmammmmmmm
. ix. 801. 007. x, 051. 878. 11, 881. 8110111018. 11,1. 88
018. 111, 218. 077. 8.11, 1.0. 111, 2. 8110111010 11. 808
50.1,1.202 8111111118.111.121
Sagana T. 11, 107 Salutem S. 11, 1. 10. 11, 818
Sugnei T. x, 088. 111, 288. Α. 11, 118 8111111011, 2. 01. 11, 8. 00
sagacis 8. iii. 8. 88 salutet T. x, 585
8131111. 510 salutiferam. 1,117
811111Τ.11,270 8111011118.1,1.08. 01,1. 20
8111111111201 81111111 S. 1,1.78
S'TTTo 11,708. 111018. S. 1,2.08. ῗυῑοξληῦἓΑΑ .. ω
71, ι mo 11, ι ou,
81111111. 11, 128. 11111111. x, 201. 111, Samon T. i. 201
80 8101000110, 108
8181111111 Τ. ix. 751 8111117. 11, 70
8811118811.. 17, 2081 11, 781 807. 18110891 ΜΗ Τ. 11, 01118
750. viii. 507. 11. 728. 8111, 2. 120 81101111 T. 111, 102. 211. 1, 100. 11, 8
Sagittifem A. 1,110 8111118 111, 8. 210. 11, 8. 10
Sagittiferi T. ix, 071. 8. 111, 8. 181 8111111111 T. 111, 100. 8. 111,8.18
8111110001Τ.111,201 Sanctarum T. 1. 808. 8. 111, 8. 87
81111011. 11, 880. 11, 121. 088. 007. 81111111. 11, 700
081. x, 808. 01111. 80. 111,0.1 Sancti T. 1, 800. 11, 100
8101118.11,0.88 8011011811,8.120

81 8. 11, 0. 80 81001111. 1, 212. 01, 080. 11, 127. 101,
81111011 Τ. 111, 087 9⁰

8111 Τ. i, 182. 8. 11, 2. 28 Sancto Τ. v. 010. 1111, 278. 8. i. 1. 03
woefflmfflffihu 110010

811111 Τ. viii, 178 Sanctorum 8. ii, 1. 88
81110018.1,5.08 8111111111. 1, 580. 11, m. v, 011. vii.
8111111 Τ. 11, 502 007. 1105

8111111111 Τ. 11, 102. 8. 1, 2. 210 stactus 8. 11, 2. 111

&lignis Τ. 11, 101 Sane S. 11, 0. 1

8111118.1,8.181 8111311101 8.111,1.11

81111118.1,1.181 0111111111.1,11.111110.111.110.
81111 Τ. 111, 081 088. 11, 08. 87. 118. 887. 187. 158.
81111 Τ. 11, 777. 111, 17 007. 001. 020. 088. 070. 088. 717.
811111111Τ. 1, 501. 0588 780. 111, 78. 112. 801. 818. m. 888.
81110111 8. 11, 7. 805 808. 801. 150. 088080. 008. 014.
Salmacis 8. 1, 0. 21 11,871.108.187.181. sommia.
8110 Τ. 1, 808. 11, 108. ¹, 807. 11. 11, 1120. 1,80.118.102.807.0880811.
802 Sanguine· T. 11, 705. 111, 78. 11, m
81110 Τ. 11, 581. 111, 10. 11,118. 1, 171. 8113010110 Τ. viii, m
120. 11, 880. 580. 710. 111, 0. 11, 8101010111 Τ. 11,108. quw. 0288
882. x, 201. 521. 111, 001. 8. 11, 0. 8. 81οω101.11,108
Α.1,178.11.121 811ςο10101. 1,188. 0120. 811. 11,
8111οι11 Τ. 11, 010 881. 008. 11, 011
811101 Τ. ii. 207. 828. 11,818.101. V, 8111111111.ι,111.101.11,01
881. 11,02.111,110. 8. ii, 0. 08. ν, 1011101110 178
2. 1. Δ.11,100 Sanguinem T. 111, 108. 0170

 

