11 , 1111111

Annae. 0. 11, 0. 100

0001110 T. 1, 000. 111, 010. 11, 001. 111,
000. 11, 000. A. 1,100

Abolet T. 1111, 000

00111110.11,1.100

Abreptie Τ. 1, 001

Abreptus A. 1, 004

Abreptutn Τ. 11, 0001111, 104

Abripere T. 1, 000. 0.1,0. 000

0011011111 Τ. 11, 000. A. 11, 001

0011111001 S. 111, 1.11

Abrumpe T. 11, 001

001101ρο1 S. 11, 1.00

Abrupere T. 11, 000

0011111111. 1, 111. 000. 111,000.001.11,
000. 11, 10. 111, 400. S. 111,0. 100

Abruptnrn T. 1, 000

Abrupta T. 11, 010. 1, 000

0011111 T. 111, 000

Abruptie T. 1, 010. 11,100. 111,010. x,

Abruptn T. 1, 000. 1, 400

Abruptoe S. 1, 0. 00

Abruptum T. 1, 000. S. 111, 0. 00

0010000111 Τ. 11, 100. 111, 000

001000011 T. 11, 000

0010000 T. 111, 000

Abscedent T. 111, 100

0011011101 T. 1,104

'Absciderunt T. 1, 014

00101011 Τ. 1, 000

0010111 Τ. 11, 000

00101111 Τ. 11, 000

0111011011. 1, 400

0010111111 Τ. 1111, 100. 0. 111, 0. 01

0010111 Τ. 11, 00

00101111 Τ. 1111, 000

0010111111 T. 11, 100. 11,401.111,000.0.

11111101ῗῖ ffb ene. 111111 1

0010111011 T. 1, 411. 1, 00. 1, 000. 11,

00100111 Τ. ,1, 001

0010111110 11, 00. 1, 010

001111111 Τ. 11, 101

00111101 Τ. 11, 010

00111010 T. 1, 000

0011110111 T. 11, 000. 1111, 100

00111 S. 111, 4. 04

00111101 Τ. 11, 000

00111111 Τ. 11, 410

· 1111111111, 111

00111111 T. 111, 000

Affl'fflb T· 000, 881 st 0,, ⁶· θ’

'Abstulit Te 10110481 Ti, moe 011,οθ0.
1111, 401. 10,1011010. ¹, 100. xi,
100. 0111, 0. 101. 1, 0140

¹ 1110010111

00111111 0. 1, 0. 40

0011111111. 1, 001. 11, 010

00111110 Τ. 111, 010

Abeunt T. 11, 100

Abunde· 0. 1, 4. 00

0111110110.1,4.100. 0.1,100

Abydeni 0. 1, 0. 01. A. 1, 004

Abydeno A. 1, 411

0011111111 Τ. 111, 110. 111, 000

0010100 Τ. 11, 04. 0111, 1. 01

0111011 T. 11, 000. 111, 411. 0.1, 410

Am 011, 1. 100

0010011 0. 111, 0. 00

0000110110 A. 11, 014

00100010 Τ. 1, 10. 11, 100. 111, 440. 11,
ῗὸ. 111, 100. 010010. 1,1.104.

,1. 010

0000011 Τ. 11, 000. 1,100. 0.11,1.1.
0. 1, 000

0οἷ0111 Τ. 1, 040. 11, 000. 111,100.

0111111101, 011

0001111111 Τ. 1, 010

0000101111 Τ. 11, 040

0011010111 T. 1, 011

0000111110 Τ. 1, 010

0001111010. 1, 0. ”8

0000110110. 1, 1. 00 ,

Am τι VT, ⁴· 'iifl ¹⁴· 1, m· s.
1101 111, 1. 11. 111, 1. 11

01001101. 11, 11

0111111111, 104. 111,01.00.010.011

Ama Τ. 1, 400. vi. 40. 11, 401

00011111. Mn. x. 000

00011110 Τ. 111, Μ

00001101 Τ. 11, 400

0011110οΤ.11,400.11,010. 0.11,1.00

0000111111 Τ. 11, m

00001101 Τ. 1, 001

00000011 Τ. 11, 000. 1. 000

0οἶ0141,Τ.1,001.11,400. 1,010. 011,

00001111 T. ’0, 041. 1, 000. A. 11, 100

0000ρο11 0. 11, 0. 00

00000101 Τ. iit. 044. 11, 00

00011110 0. 1, 0. 00

’ Annum T. 1111, 000

0000111 Τ. 1, 000

Ami-oar, 1. 101 -

00001111 Τ. 1,100. 11, 000. 111, 000.
A. 11, 100

Amr 0. 11, 1. 101

000011111Τ.111,100.400.0.1,1.10

00011011 Τ. 1, 001. 0. 11, 0. 04

Aeetae· 1. 11, 111

0001110101 Τ. 1, 400

0001001111 0. 11, 4. 40

000111ςί Τ. 1, 01

Accingunt T. 1, 100

 

