oeA

lAnssx

1111881. i, 11. ιιι, ιιι. ι, ιιι “ 11111111.1111118111

8111111118 1, 018. 111, 000

&mmm T. 111, 404. 11, 149

Servatum T. 111, 881

81111111 Τ. 1, 080

81111111118ι11488

8111111 T. 111, 891. ι, 884. 8. 11, 860

senes Τ. 111, 049

0111118188111. 111, 884

serviet S. 1, 1. 66. 11, 4. 00

81111118110. 86

81111118 1, 118. 11, 416. 11, 880. 890.
AmAAAAAAA

811111181819. A. 11, 189

11111111111111. 1188. u

servitii T. 1, 010. 8. 111, 4. 84

81111111 Τ. 11, 810

Servitium Τ. 1, 80. 8. Aa. 109. 8.11,

811011811,881. 81,..001 1,.1816

8111118· 11, 61. 111, 888. A.'' ιι, 81

8111181111,4.08.·1,..4611,848

811118 ι, 488. ι11, 44

8111111118· ι, 8. 81

81111118· 1ι, ·641

8111118. 1, 804

&A8.A,o.m

8103111118 118111

8111311118 Ι, 891

8111111Τη 1, 488. 11, 410 641. ιι, 804

8111118861

8111111811, 411

81111118.1,·8. 108. Δ.1,888

8111118 1,·1.· ιι, 889

8111111181, 8. 80

0111011811. 18104

811111 8. 11, 0. 41. A. 1809

nerem· T. 1, 88. 11, 086. 111, 080

81111118 11, 88

8111111811,1.84

1111181111

81118 111, 118. 811, 840. 111,· 4. 11

8111118 1, 100. 11, 884. 11, 009. xii,
689. 8111, 4. 14. 11,8. 18 88806·

811118 ι, 898. 1, 891. 111, 419. ιι, 118.
ι1,818. 81808. Α.1,.801881.
860. 000

81011181,.116 11,800.1,.688 11, 848.
111.ιιιι,ιιι.1.1,.ι’11.11,1,11

8101111811, 008

8101111811, 8. 118

8101111818111. 111, 0. 01. 11, 8.
84. 81,8, 118 ·

81111118. 1, 8. 41

8111111185· ιι, 4. 80

8111111181, m. 8. 1,8. 800

81111118 ιι, 880

8111111118. ι, 8. 88

011ιο111. 11, 044

Sinam T. 11, 840. 8. 11, 8. 64

81111118 8110

mmmmmu

8111111118, 1, 8880

81111118 1081

siccaverit T. iv, 100

811118 1, 681

811111 T. 11,181.180

811118 1, 868. 81, 8. 86

8111118 ι, 48

81111118 11, 016

81101118 111, 448

81111111.11,410

1111151111. 8101. 11,1.10

8111111 8. 111, 8. 114. A. 11, 160

81111118 11, 488

811111818141. 8.111,..880 1,.861

8111111810,008.8.1,18

811111Τ.1111,08

81111118ι11,.166.8 1,.891

81111118 111818

81111118 1,8. 101

8111111188119. 11, 09

8111111118 11, 668 ιι, 181

81011181,81·.401400 11,.08181.
111,409.1,808469.1ι841800.
018. 111, 4. 40. 408 811·, 1111, 61.
810. 818, A. 468. ι,140.806.880.
ιιι ιιι. ιι. ιιι. 111.· 110 ιιι.
681. 066Ηο01 8,1,,146. 1,.8818.
1,...48111111,8..9.1611·ι,.480.
118108.11,,184.11,.8100.11,8.
8ἰῑ., 1,.1841, 1,..8.01801811. A.
ι 868

8101111ι169.811.1111810811,
008100. 1800811641. 81118·

8101111181, 1. 108. 11, A. 118

810111181,018.”ι,08.8.11,1.48

81011111Αά1,

81011111Τ.···1111·,111. 818 141

8101111181, 611

8101110118 111, 811

8101111Τ.111,110. 8,11,4. 88

8101111Τ.1ι·,144.1,48·1.8ιο89 ·

8101111 Τ. 1ι,100. 811, 8.1

8101111118 1111, 818. 11, 808

0101111. 111, 068 11, 648. 111, 448

8101111 T. 1, 181. 111, 800. 1111, 880.
081. 8. 11, 886

81011018 11, 661, 8111, 8140

8101111888180,111,.1.811..1880

810111118··1,6, 111, 608 ι, 188891.
0481818811488

81011118· ιι, 884

8101111118 111, 088. 1111, 889. ι,806

810111118111,180

 

