111 11111011. ’0101

11011111 ⁴uo. 11110

11471411.. 14, 4151 Ι, m Rom· ν[111241511111881 11614θ11 811,
188,οΤ.,1,88, 81511 411181 w· 14, 11 71 m· ²8·
111101 Τ. 11087. 11Μο 40 ·
1100011Τ. 1000. 11010. 1101140. 1101111 8. 1 1. 00. 14101444. 14.
V, ’7215141 78, 11414ω. m· ,ωε 461 111, ⁶· ⁷⁶· 10141 1⁴· V, ¹· 'no V.
01111111. 011111. 1110010. 1100
010. 807. 804. 11101. 811104. 1101011118.1,1.04. 111100. 111118
ivssolffio mys-uo ivl²⁸⁹⁴ Aci, 11011101118. 11, 70²⁸· insum
448 1101011111 8. iv. 0. 47
Robore Τ. i, 000. ii, 700. 111000. iv. 1101110018. 1111104
407. 440. 440. 1487. 11401. 480. 1101101111 81170
111404. 11041080. 8. 111. 101. 110101010811170
11,1.1.1ι,1.10.0.1,110 1101111111 81114
1100111011 T. 111, 440 Romulei S. 118. 04. 1 1. 87. 14. 41.
Roboris T. 11040 101 .
RobuaeT.iv,1so.1o⁸. 1110107. 11 Romuleos 8.114.44
104. 707. 840. 111, 717. 1111 410. 11, 110100111811, 0. 70
444. 8. 1111. 40. iv, 0. 44. 1, 4. 440. 11010111118.1114.100
Δ. ii, 114 1101111118. 11, 0. 44
1100011110 8. 14.14 1101111018.11 1. 100. 14. 107
1101101111 Τ. 100 . 1101101 Τ. 11, 18
11ορ0108114140 1101111111 Τ.1400. 8. 11 0. 80. Δ. ii,
Rogabo Τ. 111. 710. Δ. i, 00 400
11011111. 1114 110111111111140. 111040. 11010. A·
Rogat T. 11, 048. x, 001. 11, 400. 111 1444
m. 480. 000. S. 1114104. 111. 1101111118. ii. 4. 104
44. 11, 4. 44 11011 Τ. 1, 007. v, 108. ix, 000
1103111111111100. 11144. Δ. 1470 11011111 8. 1, 0. 11
Rogati S. 14. 100 1101018. 1, 1. 05
11ος1111Τ. 11708 1101101111. ii, 074. 1000. 11110111
Rom. iii. 111 ¹ 1οε
110111111044. 1400. 11400111 1111111111. i. 448
410. 484. 744. 11, 004. 1444. 448. 11111100111010
044. 11, 470. 440. 401. 111047. 81 lumin T. 111444Ι
104. 1,1104.404.4.1,444 1101118. 14. 44
11011011, 407 · 11010101 Τ. 11448. 11170 Ι
Regum. 11000 ’ 1101111 ix, 704. 8111110. 1111.
mgnum 0. 11111 111
11051101 T. fl, 400. 11700. 111100 11011οΤ. 11 440
Rogavi 1. 11, 111. 111, 110 1101101. 1101. 010
11031111Τ. 11, 004. 811, 1. 444 1101101 8. 111 4. 01
11ομ S. ii, 10 11011011 Τ. 1717
8111111140 Roseus Τ. ii, 147
11011 Τ. 140. 11474. 014. 111440. 1101111 Δ. 1440
448. 8. 1, 1447 11011111 Τ. 1 471
11οῤ1 Τ. 11. 100. 104. 17. 11104. 074. 1101111118. 11010
007. 8111141140. 11.7. 14. 1101181117
84 1101111111 Τ. 1, 044
11ηο T. 111, 707. 111000. 1111400. 8. 11011011 Τ. ii, 401
iv, 0. 44 - 110111 Τ. 11, 408. 111, 700. x, 040. 8. ii.
1103011111177. 1488. 111404. 11. 7. 47
440. 111, 144. 140. 104. 401. 008. 8. 11011111 Τ. x, 800
11,1.11.111.1.0.111.ι,1.01 110111101111, 040. 1100
Rogana T. 1410. 11410. 440. 1111474. 111000. 11 170
111 04. 404. 8. 11 1. 101. 110. 40. 1 401111 Τ. 111 170
1404 110111011 Τ. 11, 440
1101011. 111440. 1111100. 110. 110111 Τ. 11 484. 1, 418. 8. 11, 140

 

