6 nmu

Rymno T. 611. 60

1.

lucebi T. 1166

166666 Τ. 16, 106. 1111, 400

666661 Τ. 11, 106. xii, 41

66666161 Τ. 111, 670. 11, 147. 6111, 446.
1,007

6666661 Τ. 11, 660. 1111, 066. 8. 10. 60

61660111. i. 667

666666Τ. 111660. 1, 606. 111, 800. S.
16,0. 16

666661 Τ. 11, 604. 111060. 1100. 1,
116.060. 11670. 764. 611006

ιωωῑωη1ηω61
110. 61, 466. 607. 61167. 6111, 446.
6116666166

66666166 Τ. 1, 070. 11718. 111067.

6666611Τ. 6, 060. 6111600. 047. 111,
101. 811677

66666116 Τ. 11, 18. S. 111, 0.66

66666116 Τ. iil, 660. 11106. 611046.
x, 601. 406. 11, 14. tii, 00. 8111.
lumffimmmmwffiw

666661666 Τ. 6111, 000. 1, 001. 476. 111,

66666 Τ. 11οω

616666 Τ. 111, 046

6ηηῑ166166η666

66666 Τ. 11, 106. 6, 666. 11, 00. 11064.
111660

ωηψηὴωηωω.
ssmmfflmmffim
mwwmmsswn
014. 11, 0. 601. 740. 111, 041. S. 1,
w. 16.0. 40

6666116111, 164

6661666 Α. 11600

66611 Τ. i, 660. 61006. 6111, 707. 11,

66611666 Τ. 611, 777

6661661666 Τ. 16, 671

666166οΤ. 1, 86. 111, 666

6661661166 Τ. 11, 660. S. ἰν, 1. 6

666166166 T. 611, 141. 11060. 8. 11, 0.

6661166 Τ. 11, 606. 61 066

666166 Τ. 111064

666161 Τ. 11, 606. 400. 617. 1, 060

61611116 Τ. 111, 10

66616166 Τ. 11, 607

6661111666 Τ. 11, m

66006οΤ.11,80. s· 1, ³· 28

616116Τ. 1411

11661. 11411

66616 Τ. 6, 666. 61, 766. 660

6661666 Τ. 1, 640. 611, 006. viii, 666. 1.
616. 6111. 66. Α. 11667

666166 Τ. 611, 760. 6111, 606. 1, 000.
111770

666611 Τ. 611, 667. 61107. 611, 1181

666616 Τ. 11670

6166166116 Τ. vi, 068

6661116δί166 Τ. v, 740

6666166166 T. 11, 100

666616166 Τ. 111, 660

6666161661 Τ. vii, 166

1611116. 166. 616. 16, 006460.
6111, 416. 1. 866. 11, 660. mm

666616 Τ. 11644. 61661767. 611711.
61110106. Δ. 11, 106

61661666 Τ. 11, 000. 611, 767. 6111, ὕῦι
11, 104. 1, 746

1166666 011, 0. 116

6661 S. 1, 6. 6. 11, 6. 10. 16, 6.0

6661166 Τ. 11, 64. 61, 406. 810. 04.
111. 0. 110. 6, 6. 070

66661Τ. 11168. 816, 6. 07. 6, m ι

666666 8. 16, 0. 61

66661 S. 16, 1. 10. 44. Β. 16,0. 61

1166166 T. 1, 616

lupi: T. 111, 740

1161666 Τ. viii, 466

1661666 Τ. 1, 641. 11064. 61111

111161 Τ. 11010

66606 Τ. 6, 400. 466. 471. 470. 706

666666 Τ. 111, 601

6616616 Α. 1, 06

66666166 Τ. 11, 640

lupide T. 11076. 611660

Ibam S. 111, 0. 01. v, 0. 11

Ibunt T. 11060. 1, 6. 11, 166. Adi.

nm T. 1, 606. 11, 666. 111680. 6, 600.
mmmffimfflmm
686. 716. 11, 88. 466. 670. 760. 860.
61016. 111, 000. 410. S. 6, 0. 110.
Δ. 11. 1. 610. 400

Ibem T. 1, 166

1161116666. 8.16,6.100

166616 S. iii. 6. 86

1166616 T. 16, 006

Ibero· 616. 186

1616666Τ. 116-11. 1, 044. S. 11, 1. 018.

lbi· T. 11660. 611, 166. 11000. 8. 111
4. 00. 16, 0. 166. 16, 4. 01. 6, 0. 100

ἣῌωῆωΛωπΜ

,1 107

6Μ161Μωμ6

666ω6ω61666
ΝΛΜ

Ibunt A. 1, 666

Ibycus S. v, 6. 166

ιωωω

 

