1⁷oe 111111111111 11

111 11111, quem 11 1111111111 Db 11111 1111111111, 1111 11111 1111111111 111,

mm. 1111111. 11 11111111. 111111. 1111111111111111111111111111111
1. 11. 0111111. 11111, 111 111, 111111111 111 1111
111 mmm 11111111 111111 1111111 111 111 1111111111·
1111111111. 11111111111111111111 11101111111111. Ele-dnm] 111
111111111111118111111101111111 111, qui 111111 111111111111 111
1111111111, 1111111111 111111 11111. pmcn] Nm metumq-
11111111, 1111111111,111“11111111 1111 111111111111 11111 1111111111.
111111111. 111111 111111111111111111 1111111111111 11111 1111 1111111111
111111111111111111111111,1111’111- 11111111 1111 11111 11111111111111.
11111111 11111111 1111111111. Quo 1111111.
11111111 111 11111 11111111 fni-e 111011111111111]1111ο111111111-
phebo, 111 11111111 §mutua 111 11Ιί1. 1111111111111111111111111
11111111 11111111 1111111 111111111. 111111, 11 1111111, qnod hunum
111 11111111 111111, 111111 111111 1111 nomn· 1111111111. iden.
1111111111 11111111 111,1111111111, 111 Pron· 1111111111 11 111, 111

111111111111111111111111111111011· 1111111111 1111111 11111111, qna
111111, 11111111111111111Ρ111· 1111111111111111111111. 111111

111 111 11111111. 11111111111111111 1111111111. Iden.

0111.1111.111.1111 11 1111111111- m 11111 1111111 11111111] nom.
11111 1111 1111111111 *1111111111 Venusque 111111 mre 11111111.
, 111 1111111 poposci: 111111 111111 011111. ’8111111 fanu: 11 ‘ 11·
11111 01111111 mmmmm mmm! namnetem
111111, 11111111 1111111111 111111· 1111111,1111111111,1111111.’ Ovi·
111111,1111111111111111111111111111· 1111111111111 1111111 11111111)
11111111111111 11111111111111111·Ι 111 ’1111111 1111111 Ὑὶ1111. Gom.

‘ 111. 111111. 111111. 111. 11. 111. 11111. 111111.

118 nrm sedo, 11.] Ρ11111· m 1111111111] 11111111 1111.
1111111111111111,11111111111111111· nuendum: 111 nem legium.

1111 1111111111, 111111111 11111 1111 1111011111111111 11111111 111·
1111111 1111111111,1111 11111111 11111111 1111111111, videbanturque
11111111 1111111111, 11111111 1111. 1. 1111111111111111111. M.

1111111111110111111. 111 mmmmm„
111 numi m] Ῥ111111111 111.11111.11.111111111111111111111

1111111111111111111111111111- 1111111 1111111111111111111111.
j· abstulerunt 1111111111 1111111111.111[111111111μ.0111111111111
Fabul· 1111111111, 11111 11111111. 111 011111111101111111111111
,Μ 1111111111. (1111.
1ω1111111111111111111111111,11.] 101 Vm 11111111] 0111111111
Ioco 1111111 111111 111111111111-111111 111111 Ρ1111111,111111111
111 11111111111111111111·11 1111 1111111,111111111111111111111111,
111111 aflicit 1111111111 prom 11111111111111111111,1111111111
1111111111 11111. 111111111111· 1101111111111111111111111. 1)οὲ-
111Ρ11111111,11111111111111111, 111111111111111111 Ruth.
11111111 1111 11111, 11 811101 tu 0111· 8²¹ Ου’ {mit 11111] 11 111, 11111
11111111111111111111111111111111111 1111111 filium pugunnten ιη

quos 111111 ,1111111111 1111111111. 0111111, 11111111111111111111
Bm 11111 fili! ,11111 11111111111111111-

111 cni 0111111111] ld 111, 11111 111. 111 11111111 1111111, muju-
1111111111111111 111111111111 111 11111 11111111 11111111 min

 

