lxxxii 11011

11000100,0.11 11010111.111,100
1100100011.11,00. 011,80 1101011.0111,101.11,000. 810100
1100100100 8.1,0.00 11010 ΤΛ, 108. 111001. 1,101. 81,
. 11001010 T. 1, 10. 111, 081. 081. 11, 101. 0. 010. 11, 0. 00. 1,1.180. v. 0. 10
11,000. 8. 1,0.000. 11, 1. 001. 11, 0. 1101000118. v, 1. 110
. u· 181080 ιω· 11, l· “a Adi, ⁸¹² 1111100011. V, Μ
1100101011110000. 8.11,1.100 11010111 T. 1, 008. 11, 080. 111, 000.
11000110.11,1.100 11,100. 11011
11001018. im. 08 11010018. 11, 0. 10
11001018.1,0.100 1101011101,Ιο
1100111.111.108 11010010 8. 11,0. 00
1100111 Τ. 11,000 1101001011. 1, 010. 11010. 81100. 101
11001111. 011, 100. 1, 001. 810. 11080 1101010001 8111, 0. 00
80001060ωο ’,10170110 FTMfflsnipffnlfflu 80818.ἳο ¹⁸⁸
10001111. xi. 110 1.,1. 101 101001. 1.,101
110010 T. 1,110 110100 T. 1111000. 8. 11, 1. 00. 100.
110010010181,1.011 000. 111, 1. 01. 1,1.011. 001
1101101 T. 1, 008. 8.11,1.10 110101 T. 1, 00
1101111. x. 008. 11, 008 11011010 T. 11, 181. 1, m vi. 08. 8.
1101110111 T. 111, 000. 8. 1, l. 100 1, 0. 81. 111, 0. 011. A. 1, 2⁸0
11001001. v, 100. 11, 110. 111, 11. 1111, 1100811, l. 101
100. 101. 111, 010. 811, 8. 100 11001 T. 11, 001
ῃθῦήδω T. 811, m 111181111υο T· 1, 1Ἇο 111, 280 11, 1ωο 1140
flentum T. 111,100 10, 91. 018. 011. 11, 001. 800. 118.
1001. 11, 110 1011.1.1.11.ν,1.11.1.1,11.11
110101.1,081.100. 11, 108. 8111, 0. 1100111ομ T. 1, 011
00. v, l. 00. v, 0. 000. 1011,Ἇο 1111011οῳ111 T. 11, 000
11010018. 11, 1. 110 110001100110101
110110 T. 111, 000 11000113008011, 1. 81
1100101811, 1. 100 1100011101 8. ii. 1. 00
1101 Τ. 11, 080. 1, 000. 11,100. 1, 800 110010 8. 11, 0. 101. 011,οΝ
11010 Τ. 11, 100 1100111011. 11, 001
11011 T. 10, 081 1001001801, 0. 80
11011001 Τ. 11, 008. 1, 080. 011, 000. 8. 11001011. 1100. 111, 000. 0, 010. 11,
'9 ‘a ⁶¹ 48101111,ῃο 13, ⁸¹⁰· ”Tu ⁴⁵⁹· 111,
netu 011111. 01001. 1.,110. v, 110. 011. 11. 1110111011.
²⁸· w· ⁷²⁸· 1ωο 11, ιω· ⁸8⁴· 'ii’ 1110 10 1³⁷· 1010 ¹· ω· u· 1³⁰· 11, ⁴·
001. 11, 01. 000110. 800. 111, 10. 00. Α. 1, 00. 11. 00. 000. 010. 000.
s· ί10 1· ⁸⁷· ν1,·11· 1, ²0 ’110 Δ· 11, 1⁸⁴³·
11, 080 1100001181, 0. 01
10011.0,000.111.1.11 110010 Τ. 11. 001
110101 T. 1110110110. viii, 100. 11, 1101001 8118. 10
001. 111, 080. 811, 1. 100. 11, 0. 10. 11011 Τ. 1, 000. 8. 1, 1. 011
ω· ffi, 2· ω· ffi, ⁸0 10 T, ¹0 ”a ”T- ἙΙ1111011111Τ. V, ³⁷8
1, 0. 11 1101100111 T. 111, 808
11010101 Τ. 11, 100 1101111001. 1.101.10011,011.0,110.
MT· 10110 ⁶⁵³0 lii, w· m· s· 11, ⁶²²· ⁷⁰¹· 8⁴⁸·'TT21800“⁴1m·m0
0.Ιο ⁸ 111, 818. 100. 001. 180. 111110. 11,
1101011180, 1. 100. 1,0.10 800. 011. 000. 010. 100. 070. 081.
11011010 T. iii, 111 111, 110. 8. i, 1. 00. 1, 0. 000. 1, 0.
1101111111. ix, 001 01. 1, 0. 00. 1, 0. 00. ihm. 11, 1.
1101111. 111, 100. 8. 1, 1. 001 10. 111, 0. 00. v, 1. 101. 1, 0. 100.
110101.11,000. 111, 000. 800111. ν, 0. 80. Α. 1, 88. 110
Α. 11, 001 1111111100 T. 11, 080. 8. 1, 0. 00
11010 11. 11, 100 1100110101, 0. 01
11010111 T. inm Flumineam Τ.11,000
110111 S. ii, 0. 01 110111100011, 0. 10
110111 Τ. 11, 080 1101111011 T. 1, 010. 1,100. 111, 008. S·
11010 Τ.1,000. 11000 1, 0. 00

 

