1111111

1811811181 ⁴
1111111. 11888. 111488. 11, 814

· mnu

111 ιιιι, ιιι. ιι, 111111. mm:
181111...

1111111111, 81, 818. A. 11, 48 11111111 A. 1411

1111111Τ, 11, 888

11111118,1,8..118 148

Τ111111111.1,118, 818181

Vezuquv ,888. 111,884. 1,888. A.
1 818 ·

111111111Τ,·· 111, 888

1111111“.1,888.1111,188.111,888

1111111118· 11, 8. 88

11111111Τ,11,88881811,48,88. 1,

888. 11,884.111,181.1,88.8.11,8.

148. Δ,11, 11

1111111181181

11811111, 811. 8 iim.

11111111Τ. 1,88Η88814. 8811 11, 888.
4881111,111,118,188,811.11,8.

188. 814. 888, 888188. 1, 481. 881.

84811881
111181111111,888111,188
Τε1111111Τ.1,818
11111118.··111,1,188
1111811111, 888. 111, 881. 1111, 888
, 1’11111111’1“,1,881.11,118.Α.1,188
1111811111, 818. 8,1,.888
1111111111111418, 1, 888
1111111111· ι, 881, 111188. 11, 848. 418,

11188. 1111,188.11,888, 1, 888. 8,

11881881μ448,8.1,888.11,1.
11111Τ,1,111.8,11,..8181,8.
1111111Τ.111,888
11111111Τ.111,881. 1,888
1111111111 8. 11, 4. 18
1111111111 S. 1, 8. 48
1111111121, 1, 888
veneris. 11, 88
1111811Τ,1111,188.111,48
11111111.1,888 .
Τ11111118311,8, 118
1111181, l. 88 .

1111111,1,818. 111848. 1118888418.

81,8.11.11,8.88. Adi. 88
1111111111,·11,884.8,11,1.18
1111111.··ιιι,111.ιι,111
1111111Τ, 1884 818 11,.18844. 1,

188.844,11,884,111,488. aii, 1.

127118111 1,.,188 A. 1,884.
841. 888, 11, 884
1111811111, 881

- 8118111111Τ, 1, 81, 811, 4. u

111118111Τ,11,888

111111311Τ.11,888.11,181
1181111. 1111111. 111. 111111.

84811, 184. 811. 818. 1, 441. 888·
11, 118418841114, 111, 884. 111.

1118181111, 81
vestisse T. 111, 881
811111111Τ.111,888
111111Τ. 1, 88

, 1111111118 1, 481, 11, 848 ·
1111111Τ.”111,188.818.111,848, 1,181.
1118818188811,1,,881,8.8.

VentmT. 111, 888. 111, 488

1111111111.111,888

11111111Τ,1,4118.111,Μ, 1,85· ¹1,
818. 8111848. Α.11,84 ’

’11181118811188811888 1,418

1111118111484. 11, 114, 111, 184 A.
11, 181

1111111, 111, 848, 811, 4. 88

111111111.111,818.11,888.8111,81

11111υωΤ,111,818.11,818,8.1,.888

111111111811, 8..88 1, 8. 888

Vesuvium 8. 111, 8, 18

111118.11,4,188

11111811Τ.111,488

11111118.1.81

11111188. 111,1. 118

1111111118 111,818.1,.118 111,
884.1111,488.11,.888 1,.88 xi,
418. 111888. 8181

11141111811,8.88

11118111811111488

811111111.1111,884

veumi T· ffi. ⁶⁶⁰

1111111118,8,1.111

1111118111, 488

VetuetT. 1,488.11,888, 111188

111111.ιιι,1111.1ι,.,11111.111

111111Τ.1,888.111,81,884, 11, 848,
888814, 111,888.188. 11, 88. 1,
118. 111,.888 81,1..81 11,1.14,
11.4,11.Δ.1,4111

1111111111.1,144

11111111Τῦ 11, 884

1111111111Τ.1,.81 111, 884848. 811,

111811181881. 111,.881 11,.848 1,·
48. vim. 18118188, 111188.
11, 84, lell. 881.814.188

1111111Τ.1,888,11,888.111,814

11111111Τ,1,888.111,188. 1111,818

1111111181, 11, 84

1111111181Τ.111,844.11,,81 &AM

11111181, 8. 84

1111111. 11,148. 111, 188 .

1111111131,111,ιι,111,1.ι,1

1711111183· 11, 841

118111,11,111,18,π1. 8,1,8.1

 

