111 8ΤΑΤ11111.

9111611116 Τ. 11, 711

9611111111Τ, 111, 8

9111611166Τ.111,168

9111Τ. 1, 617. 619, 11, 998. 111, 118.
186.181.118.11,61.66.169.176.
686. 798 1,889. 11,799. 1111, 761.
1,..995996 698. 699. 111, 96..97
8,1,,.9989·111,1,196.111,9.98.99
1,1.167.177.11,·1,168

91111Τ. 1, 891 ·

91116Τ,1,86,69711,887.11,816.11,
ummwmmmm
86. 891. 1,996. 766. 11, 861. 168.
111,.8118.1,.1191.Α.11,911

9111616Τ,1,.167 11, 769967. viii. 761.
11,86.11,719.8.1,6.8.11,6.1.111,
9. 7. V, 1. 916. A. i, 168

9111619116ὓῦ

9111616116 T. 1, 676

9111616611 Τ. 11, 796

9111661161Τ, 11, 967

9111666166Τ.11, 986

9166666666911, 91811, 818

91111161161ξθ 611Τ. 11, 661

9111666666611111616699. 111, 619.
1111, 661 811 6. 18

91116666668,1,9.961. 111, l. 169111,

6.7,911,1.68.11,8.8. 1,8,166

1116616611, 9. 81. 111, l. 98

9111661661Τ. 11, 697

9111661811, 619. 11, 1. 81

91111619 11, 118.111,887, 861116

166111.611,166,1..,1.16

911611 Τ. 1, 176. 111, 199. 11,188.1,11

9111111181868

9111111161 T. 1,176

9111116181, 1. 967

9116111 A iii. 1. 116

91116Τ.111,661

9111691111197. 8. 1, 9. 968. A. 1,

Partus-T. 11, 79. 179. 1,161. 11, 161.
1666661ω11ω.
11,968

91111 T. 1, 666. 11, 868. 111, 689. 8.1,
tmstmmfimawffiffi
88.168.11,1.99. 11,969. v, 1.
m.Q.m.Q.w

Panas, 111, 1. 9

91116Τ.1,681111,98.11,719 889.
81, 6. 71

9111191171 8,1,6.11.11,61

9116111161 A. ii. 868. 861

911111Τ. 11, 188

91161111 1, 886

911161111,169.1,617.617.11,988.
111, 699. 1111,166,11,116,111,141.
811616 1171616188

9111619 1, 166. x, 68. 678. 11, 119

Delfi. 11 Vnt. 6111.

'clxi

9111616Τ.1,669.111,689. 11,788.11,
11111169·16,1.11.11,1.61,16611.
1111111. 1.

9116117. x, 896

91166661Τ,11, 77. 668. 1111,198
91161Τ. 11, 889, A. 1, 996

9116117, 111, 671
911611111Τ5111,616.111,9.11,166

911661Τ.·11,181,111,886. 11,76,Α.1, ·

9111111619· 11, 986

passumus. 81,1.16

Ρω11.·ι,111.111.11,161.616

91111661 T. ii, 616. 111, 116. 1, 888 .

911111 Τ, 111, 968

911161 Τ. 111, 618

911111 T. 1, 661. 11,967. 1, 666. 111, 996.
161661611661

91111161Τ. 11, 666, 111, 811. 1111916, 8.
11, 9. 88

Passum T. 1, 989. 8. 1, 8. 61

11111161. 111, 166

911161 Τ. 11, 897 . 161. 111,161. 11, 681.
8.1,1.99.111,8.79,111,6.17.11“,8.
77.1,9.161. 1111116168

961161Τ. 111,16. 11, 188. 111, 898187,
1, 671. S. 1, 9. 18. 911. 1, 1. 166. A.
1, 96. 11, 887

911161ιὶ6 Τ, 111, 988

9111161111Τ. 11, 861

9111611111 Τ. 111, 969

91116161 Τ. 11, 868

9111611661Τ. 11, 878. S. 111, 9, 116

91116111 Τ, 11, 816

Pastorum T. i, 867. 11,716. 1111, 698.
11, 191

911111 A. i, 666

91116111 S. iv, 6. 86

911161 T. 11, 116, A. i. 816. 11, 186 ’

9611161Τ, 1, 696

911611Τ, 11, 797. 111, 19

mmmm

9116611111 T. 11, 786

9116666111Τ, ix, 766

9116166661 Α. 1, 69

Patefecit T. 111, 697

9116111Τ. 111, 1919, 11,181. v, 697.
11, 986. 111666. 1, 876. 11,117.111,
118, S. 1, 1. 66. A. 1, 111

9116111661 Τ. 11, 198, A. 11, 86

91161111Τ, 111, 166

9116611611Τ.1111, 866

91161Τ, 1,.961 9188981179. 11, 189.
199. 917. 111, 11. 116. 816. 887181.
616. 666. 696. 697. 761. 711. 11,
181. 888. 666. 611. 778. v. 96. 81.
1111111111. 669. 718. 11,.17. 76.

1166111. Χ

 

