1888 118111 8111811111 111

888 Vim 188811] 8181188881 81· 1811118 88811888, 88 118181 1811118
teque 888881. 1181181. ’1188888888 mitteretur. 8111181881 ergo 8811·
ulmi! 11818. ί8111818881 18888183 questio 881, qne 818118, 8818 81818-
Gronov. 8881 881881181 88188881118 compel-

888 Penus] 118 hujumodi 181111 11818881.

8181188 188181111 188 88188 8111118 888 088188881888] 11818888 881818·
Tydeu· reversus 888, 88118 88 818111 1118188181 88881118 181818188111. 11881
1118888811818. 1888888188. 8881811888 8888818818 8811111, 18 egit

8881881 8818888 1888818] 1188 188, 8818818188118.111118]118118,88111118
1881118.1188818 8188111888818811 repen· 181181818 1181118818, 88118181 81118
8181881181118,88888811118118ι 118 88· 1181188188 8111811181 accipimus: 88
8881 8818888 88811888 81188111 88111· 111ς.1811818818881188181888.’ 18881·
11811818. 1888188881 11188 1811811118, 881 1881111818118118118] 1111188111-
88 postea 1818 culpetur: 11188818 188 888 8118188188 88818 888 881888
81118818188111811118111. Agitur 8881 1111818811188118881818,88188-
quippe 88 8188 18188118. 1888818. 8188111881 1181118888118818181..11818.
1188888888 888 888888] 11818181 818· Sem.

1888 888 1 18888811 11818, 888 81188- 888 sudaria] (1111818181118811,

8888, 88 88 1118 118 18 m μνχοῦ, 8888 818881181881811188181181,818-

· 818818888881881 88888818888,188111 8181888181118188181188888811811-
118118 8881888111 ageretur! 818 81111118 88 81811118 111188 818111811 8118818 118·
1881188 8888818 18888818 8188, 818111811111, 1 qun inventor 88818 1111181 8181·
8881181, 88111 8888818888, 1888888188 1818818881188 principium. 1888888.
11888818 1811 apes 1818188 81818181. 888 Nm 8118818818]118818 18-
181888 810881811888811181118811188 8811811818 18811118,8811 1818188 1181·
8811818188] 8111811888. 8881 88181181 8118118 8818811188 8888188118 11188111
8181111 Erexit 88 1881811 88188811 resecatur. 18181.
88811188 88 188118 supprimere 1811· 181 1181181818 1188188]18 818, 811-
8881188883 188188188118188181881 818818 8881 118818188ω,18188ι11118
18 8818818881 18181888 8888 curtium 88 88888818 18188881 11188888. 18818.
1118818188 rogum 1111118181 *1888181 888 081888 888188881188888181]
1881181 818 88888818, 11111 8881 81811· 111 81111181, corrupte, 88 88 uteo tp·
wi! 1188188818 88118881888811 81181. 1188881 81 mummi· 81
88 81881111, 8111181111, 888 8818 818- 88181888 principe 8118118188 81181118
8118181188888888818818 888 888· 888811818, 881 fido 818881.Ι 8881811888
8188 881881 88881818 118818188811 11· 111118181818 888 81111188818881 18·
188 ’11111811 ‘Sequitur 88881888 81· 818888181811818 8888818 81811 188

18118881811888.Ι 11881888. 188181818881888.

818 1111181 881818] 11818 1181881818 188 neom 81811111] 1118118118 18
818818 8181881881, 81 quo 1181188 vi· 8181 8111818 818181, qn· 1188811818
- 811188888811188 8811881181. 8188888. 8181118111 8188118881 8881 88118 poi·
811 0811888 1888188 1181881] 81118· 1181 (1818118818 8881111888 818 118 118·

8818 1188188818 181111 1118888. 88118- 81818. 1118 88118 8118 1811818111 18

811. ‘ 11818818111181811181888111,ν Neptuni 88881181188888818118. 188·

111 8188811881 11111 188888888181811 1888.

88111. 18881. 818 ,1888811118 81818] (11881 salin

878 188811]18818111881,1111. 118818 1188 88181881. Pratum 88-
teupernus 8111118181 888 111818 81 iu- 1111888811 1111118 considente!- 881
88111118888811818881881188188818 8188111,888111181888818 divom αἱ.
118 88181181, 888 8188181188 88 88 18811118811818181118118. 1888.

 

