11111 111111

11111.11,111.1ι,111. 11111 11111111. m , ,

11. 11 11111111. ,1,111. 11111111. 111, 1.
Prono T. 1, 878. v, 818. 11, 116. 11, 78. 11, 1. 70

111. 11111111. 11, 1. wo 11111111. 11111. 111111. affl. ³·
1111111, 111. 1111111. 11, 111 111
Pronum T. 111, 878. 11661. 8. 1, 8. Propria· Ίὲιί, 888. 11, 67. 8.11,1. 88.

111 111,1.1
‚ Pronus Τ. 1, 810. 11,881.111,108. 1, 1111111188, 8. 71. 11, 7. 1. 111,1.88

686. x, 616. 11, 688. 111, 807. Δ. 11, Ρ111111111118111,8.101

16 1111111111111, 681
1111111. 1, 878. 11, 887. 811, 1. 86. 1111111111. 11. 110

11, 8. 88. 11. 1. 61 Ρ1111111611111 T. 11, 881
Propellem T. 1,18 Pron T. 1, 886. x, 186
1111181111. 111, 818 8111111. 1, 876
Propellit T. 11, 118. S. 1,1. 81 Ρ111111 Τ. v, 415
1111111111.1,1.11 Protin T. 111, 681
Propellunt T. vii, 887 1111111111. 111, 067
Propera T. viii. 886 1111111111 T. 111, 618
1111111811 S. 1, 6. 76 1111111111. 11, 818
Ptopenbo T. 11, 818 11111111. 11, 610
Ρωρε111116111.1111,880 Pramus T. 11, 810
Ρωρο111118111, 8. 81 Ρ111κ111. 1, 611
1111111111 T. 11716. 1,808 1111111111, 888
1111111118.1,180 proscissi T. iii, 888
1111111111. x, 8. 811, 1. 88. 1, 2. 111111111111.1,188 .

11 , , 1111111.1.111.11111
1111111111111111 11111111. 11, 1. 111
Ρ111111111Τ.111, 101 81111ςαί1111 Τ.1,188 ·
1111111118.11,888 8111111811 T. 11, 661. 11, 710, 1111,
Propenverits. 1, 8. 76 178. xii, 180. Δ. 1, 888
Ρ11111118.11,8.88 Ρ 1111.1,111.1111,11.11. 811,
1111111111, 8. 868 6. 1 8. 1, 1. 861
11111111. 11, 87 1111111118. 11, l. 66
Propinqua T. 11, 688. 8.1, 1. 88. Δ. 1, 1111111111. 11,860. 11, 686. 716. 1,181.
Ρω11111111111.11,688 Prosiluit T. 11, 887. MT. 118. A. 1,
Propinqua T. 111886. 111867 88
8111111111 T. 1, 886. 8. 1, 8. 11. Α. Precilium T. 11, 161

i, 111 1111111111. iii, 111. 11111
111ρὶ111111. 11, 618. 1,188. 11, 866. Prospectat T. 11, 180. Δ. 11, 881

8. 1, 8.7 prospectantibus& 1, 1181
Propinqui T. iii, 171. 11, 711. S. 1, 8. Ρω1ρ1111118.1,1.88

11 1111111111. i, 111. s. 1,1. 161. Α. 1,
1111111111. 11. 111. 11111. 111111 m
Propinqua T. Ι111, 888. 11, 866. 11, 870. Ρ1111111111 T. 1, 886

111, 880. 111, 888 1111111111 T. 11, 181
1111ρί11111 T. 111, 188 ¹ Prospectu T. 11, 806
111μί111111 8111618. 11, 8. 8. 11, prospectum T. 111161

7. 86 8111111111. Ι, 18. 1111, 866
Propior T. 11, 886. 188. 187. Μ. 11, 1111111811, 887

, 1.λ11,111417.9111111’ξ.ι11,1.11. v, 1. 1111111111 fg», οωῗὲ x. 111. 11, 11. 8.
ὴ111’11,11.1.1,1.11.1,1. 1811111111 ,

167 1111111111 8. 1,8. 118
111.1111.1,111.1.1,1.11 1111111..,111.11,1.11
Propinas. 1, 1. 181. 11111. 11, 1111111111, 16 ,

180 Ρ1111111111 Τ. 111, 681. 11, 818. 1, m.-
PTOPTTU 'rat-²¹⁹· su 11,8. n 817, ιοωτ
ΡωρηοΤ.11,666.8.1,1.181.1,8.88 Pramus-hm ’

 

