' 111 11111411.

411111Τ111484.1ι,444.11,141.444.
ι41,..8884 8.444,4..414 4.41,444

411111111Τ.1111,114

41111ρί1111 11,844

Accipias, 1,4. 141

1111111111111

111111111441111. 141,441

41141111Τ.441,4.11,444. 11, 441. 1444,
144.ι,444.14,44.114,.448,4,4.
44. 4.· 1, 444

Accipiter. 11, 414

4111141118’111,444

41141) 41111Τ. 144, 488

Accipiun. S. 1, 4. 11141111

411411Τ. 1,444.··111,444

4114111811, 88

4111418· 114, 1. 144

1114111114, 144. 144, 448

4111111111 8. 11, 4. 41

4111111111 T. 411, 444. 8. 1, 4. 4

4111111114. 41, 184

411141111Τ.1,484

4111141111 Τ. 41, 448

41111111 T. 4, 488. 1, 444. S. 1, m. ι,

4ω111Τ.441,444

Amorne· Τ, ,128

41111111141Τ,11,444. 14,414.144,441.
1,144.8.41,4.44

4111111111Τ.41,444

41111814 T. ι, 444. ι, 844. 144, 44

111111111.1,111.11.1,111

AoeumulmtT. ι, 484

4111111111Τ.11,444

4111111411·.”111,444. 1414444

41111111118111,4141,4148.141,4.

ΔοαιιιιΤ. 11, 411

4111Τ.,1444.11,.441114,.44411,
144. 1,484.8.411,.144.4.11,44.

11111·1Τ.·ι,1111,111

1111111111, 441

4141111111Τῦ 1, 418

41811111111118. 1, A. 184

41411111ιί118 1414, 484

4111111111Τ.144,444

AcheloinT'. 1444. 11, 444 14, 844. ιι,

4111111411Τῇ· 11, 144, 1411, 444

4111141018 111. 414

4141111111 T. ii, 441. 111, 444

414111111 T. 11, 444. 1444, 414

Acheronta S. 44, 4. 81 -

4441440414’4·11,894. TV, ⁴⁶⁶0 ,ΑΜ ³

4111111111ιὶ1 T. 11, 444

41111111 A. ii, 444

41441114181,1.44

4141111118. 11,..441 1,4.141. 41
448. 484. 444. 444. 414. 448. 444.“· 11,

414111118.111,4.84.41,..44444.11, ι
1. 11. ,,1. 111. 1. 1, 111. 11. 1111.
444. 444. 444. 444. 444. 444. 448. 441
48. 141. 444. 444. 484

Achilli S. 41, 1. 88. 114, 4. 44

- 41414111 A. 4, 444. 444. 44, 444

4111411Τ,144,444

4141111Τ.1,444

4141414Τ.111,448

41111111 A. 11, 444

41111111Τ. 141, 488. x, 184. 444. 14, 41.
8,4, 1. 14. A. 11, 144 ·

4111111111Τ.4,448, 11,1181,148. 14, “

414181,

Animum 141,44.1,44.14,418.
11, 444. 81414. 44 ·

41411Τ.4,..118444,444. 11444 14,
448. 111141441114141414111.
1144, 144. 144. 484. 444. 448 4114.

444,.144,444444

· m. ιι, 144. 448. 444. 484. 1111111.

Auem. 1144, 444

Aoezhu'r. 14,144 ·

411114111Τ.141,44. Α.·1,444

4111111118 111, 414. 11, 444

411111111ζ·’11,444.11,444. 8ι,4.44

4111111Τ.·1ι,8.14,444

4111118· 1, 4. 144

411111Τ.1,444

Amnon· 1, 14. 11, 444

4111111Τ.41..44414,444.114,,.44844,
1..41 4.· 14, 444

4111111111Τ.ι,444

Aee-tent 1,444

ΔαιιιΤ. 1141, 444

1, οι 1081 ⁴„- Μ· 8481 ”⁰⁸ wo·
448.444,14,44.444.444.141144.
444414 8.4,,.484 44,..441 41,4.
44. 11, 444. ι,4.44. 148 ·

4111111811, 1. 44

11111111411111

4111111111 111, 444

4111818114

411118.1,4.144

4111Τ.144,444

411411Τ.1,.4 14, 884. 41, 844 811,4,
144. 41, 4. 44

411111111Τ.·11,441.14,484

41141181, 1. 44

4111111411, 144. 444, 414. 11, 444. S. AcrocorinthunT. 111, 148

1, 4. 141
41111118 11, 441
41111114. 44,448

AcronT. 1, 444
4111Τ.4,441,11,144.444.444, 111.
114. 444. 41, 444. 8. 414, 4, 48. 1, 4.

 

