xcviii 1111111

nomo· T. 1, Μ. 111. Μ 1161111611 11, 61
uouendum T. 11. 176. 16618. 766. 1101111111 Τ. 1, 166. 11, 717 ⁰
mm. 116686. 16866. 1,666. 116111161Τ.1,66.11,66.1111,661. 11,
116768. 8. 111, 668 668. 1. 668. 686. 111, 666. 8. 1, 20.
1161111611 T. vii, 766. 1688 1,1.166
um 8. 11, 6. 16 1161111111 11, Μ. 16661
Hom Τ. 16616. 116661. ix, 668. ι, 1111111111 8. 11, 6. 66
766.11.16.11.1,676 . 11ο11118.11,6.7
1161111111. 16666 11611686666
“mum Τι 11, ω. 17, T· ⁸· ffi,⁸n¹⁵⁰ nomn Τ· ἰί1 ⁴⁵⁸
1161111111 Τ. 116 686. 16666 116661. 6667. 16611. 111, 181676.
1161161111Τ.1,667 11, 86. 16676. 116666. 666. viii,
amum. 16686 666.11,666.11,166. 116188661.
ΗοιπιοΤ. 1,686. 16666 786. 86666. ιιι,166.111,6.166.
1161611161 811, 666 111. 6. 166
11611616ωῶ Τ. 1616 11616111 Τ. ii. 616. 11. 166. 866. 1,666.
Hm 1. vii, 111 16111. 116161. 116. m. 111. s.
11611111111.11661.666. 116111 1161. 166. 116 6. 76. 11, 6. 61. 1,
1111111. 1, 686. 11, 167. 1111, 168. 11, 6. 168. A. 666. 666. 616676. 1666.
666. 111, 61.666. 666. 6. 1, 1. 66 666
116111. T. 1, ιω. ii. ιι1. 111 iv. 111. 11616161. v. 161. viimn. s, v, 1111.
mmmm. 6176666. 11, Am
657.666.676.866.11,666.111,666. lio-pianr. 11, 167. 611. 116666. 1111,
668. 61166. 1166. 67. 166. 176. 618. 116668
6116166161. A. 6111 1166111111. v. 111. 116116. 1. iii. 1.
narnus Τ. 11, 666. 11, 666. 116766. 66. A. 16166
8.1,6.77.1,6.77 Ηωρ1111.1,116.1.11.116.111
1111111111. 116116 1111611111Τ.6666.686. 116666
Honor Τ. 6666. 666. 16667. 111, Μ. Hospitio A. 11, 66

16166. 666. 6166666666. 666. 1616116111, 166. 1, 66. 11, 668. 111,
16661.1111,6.11,666. 1, 1616666. 668. A. 11, 666

661. 16 66. 676. 11616. 8161. 11661616161611. 111, 68111,
166166116666.1,1.66.ν,1.6 76.1,66.616.116686

116.... 1. 1, 11. imne- 11611. v, 161. nomn 1. ii. 111. v, 111. vi, m. 111.
6116. 61111. vim. 1,⁴w. ήῑ,1οι.111.616..111ω.111.ωι.
111. s. ii. 1. 11 11, 111111. m. ι, 111. 116. 11,

1161611611Τ.1.667 661. 668. S. 11, 6. 61. 11, 6. 66. 66.
1161161111. 111. 167 iii, 1. 66. A. 1676

uomit 1. 1, 11. 66111. 11116. ι, 11..ι..1.1,111.161.1ῑ.1ω. vm
111. 1., w. ..11111 1111611. 111. 111. ooo. ωε. viii. 111. 1.,11.
nim. 1. ii, ⁷. 61. A. 1161. ii, 111.111..,1ι1.111.111.111.1,

166 666. xii. 761. A. 1, 116. ii. 66
1101111161 8. 1, 6. 61 1611611661. 1116666. 11, 677. 16
1161111116· Τ. 11, 11 667. xii, 666

1161661111. 1116 167 Hostia Τ. 1, 766. 11, 688. 686. xii, 771

. 1161111611 T. 111, 766 1111116111 Τ. 1116 188. 111, 776

Hortante· T. 1116 716 11016111. viii. 76. 766. 11, 18. 16618

1161111111 Τ.1111, 166 Hostilem T. 1, 66. 116661. 'iim

1161111111 Τ. 1, 116 668. 1, 16. 16666

116111166111. 16666 ’ Hostiles Τ.11,616. 1,686. 116186. 11, ¹
Homntum T. 111, 616

1161111111 Τ. 11, 666. 11, 666. 111, 661. 11611. 61666. A. 1, 618
768. 1,676. 676. 111, 186. A. 1, 671. 11611111.11,161.1ι,116.11,11

ii, 171 Hostilia T. 16 16. xii. 666. 786
11616111181166. 66 116111111ω1.1,116

Hortaris T. 116618 Hostili· S. 11, 1. 66
11011166. 11, 166 1161111Τ.111,666.11,666. 1, 666. vii,

666. 666. 668. 1,618. 1666761. ,

11611166111.16686.1,666. 1,66. 8. 111.616.681.1111.ι16.1,111. 11, 1

iii, ι. 111 111. 111. 11116111. 6161 u

 

