0111 111011

111ομ10 Τ. 0, 001 10100110 Τ. 1000. 0. 1,0. 11
10111111 0. 11, 1. 00 1111001001 S. 1, 1. 01
10111011101Τ.11,000 1111011111 Τ. 01, 081
hainam. 1,111 101001111011.11,010
1001001. 1, 00 1111001001Τ. 11, 000
101111011 Τ. 1, 101. 01010 1010011Τ. 10,101. 0.1,1.00
1111111 Τ. 111, 001 101001101 Τ. 011, 000
11110111 Τ. 111, 010. 011, 000 10100101 Τ. 11, 100
1011111110 0. 111, 1. 00 10100110 Δ. 1, 000
101110111 Τ. 01, ⁸oe 1010010 Τ. 1, 801
1001101110. 111000 1111011101.0,111
0110110 1. 10, 111. vi, 111 1010100 10111
10111111 0.1, 0. 111 1010001 Τ. 11, m
10111011 Τ. 11, 100. 0. 1, 1. 100. A. 11, 1010011010 Τ. 11, 010
ω 1010110111 1, 111
11101110.01.1.100 1110101001. vii. 101
1010011 Τ. 1, 01 1010100010 Τ. 11, 000
1010010 Τ. 11, 000 10101000101 Τ. 1111, 01 . 10, 000
111100101Τ.11,01 101010011010 Tam
1111001110 T. 111101 1010101111 Τ. 1111, 000
101011 Τ. 1, 000. A. 1, 000 1010101011 Τ. 111, 110. Α. 11, 00
101111001 T. 0, 011 101010111 T. ii. 101
100011001 Τ. i. 10 1010101111 T. 1110
111011110 Τ. 11, 10. 0,101 101011101010 0.11, 0. 08. 1, 1. 111
10100110 T. 1, 110. 111, 010 101010101010 T. 11, 000
101001010 T. 11, 00 101011110 Τ. 111, 000
111011001Τ.11,000 1010111101 T. ii. 180
10111111 Τ. 1.000 10101000 Τ. 11,οΜ
insurgunt T. 1111, 000. 10,10 101011οή10. 1, 000
100110 T. 111, 011 1111011011 T. 1, 00. 01111
1010011 0. 111, 1. 01. 111, 0. 8. 1, 0. 101 1010111011 Τ. 111, 001. Δ. 11, 00
1011010 Τ. 111, 100. Δ. 11, 001 10101110 0. 11, 0. 08
1011010001,1.11 10101101 Τ. 11000. 11, m 11, 011
1010011 Τ. 1, 000 1010110ιο Τ. 1, 100. 11, 10
1010010 Τ. viii, 000 1010110111 Τ. 11, 110
1011011110. 111111 10101110 0. 11, 0. 10
10110100 Τ. 1, 001. 0. 1, 0. 000. 111, 0. 10101110 Τ. 11, 011. 1,101
25 1010111111 0. 11, 1. 010
10100101 Τ. 10, 101 101010001011. 11, 000
1010301 Τ. 1, 110. iii, 00. 11, 01. 1, 10 01 Τ. 11, 111. 011, 1. 00. 101
110. 11,110.110.010. 1110001100. 1010111000111101 Τ. 11, 010
10110. 00. 1. 110 im 10. iii. 1. 1111000010
01. 1. 0. 00 1010100001Τ. 111, 000
longit T. iv, 000 1011101111 T. 11, 100. aiii, 1. 1
1010111011 Τ. 1111, 001 1010110111οι0. 1,1.00
1010111οΤ. 111, 000 10101000100 Τ. viii, 100
Integra· Τ. 1, 00. 0. 1, 0. 00 1011οψ110001 Τ. 11, 000
1111010111 Τ. 01, 000 10101011οι1 Τ. 11, 000. 11, 010
10 1οΤ.11,10 1010101011. 1111,οω
10 Τ. 1, 010. 011, 1. 11 101010101001,1.101
101011001οΤ.01,010 1010010101Τ. 11, 000
10101100101Τ. 01011 101011ομ1 Τ. 11, 100
1110001111.1,111. iv, 111. 011. 1010110001 010, 00
000. 1, 1. 00 1010110111 Τ. 11, 101
10100011101001 Τ. 11, 101 1110110011 Τ. 1, 011
1010000111 Τ. 0, 10. 011, 1. 0 1010000010 0. iii, 0. 00
10100001011Τ.01,010 10101100101 Τ. 11,01
Ιι1010110111101Τ. 01, 700. Δ. 1, 000 1010110011Τ. 11000. 8.11,0.10
1010000110οΤ. 11, 101 1010111101 Τ. 11, 08

 

