cmvi 111111

1111111. 11, 111111. 11111111. 1, Metitur· T. 11111
1. 111111111. 111. 181. 111. Mamaeam. 111111. 1111.
111 “ . 111. 1, .
1111111.1,1.11,181.ι,811. 811. Um Τ.1111.111. 1111. 11118. 1,
11 111111. 11. 111. 111, 171. 1, 111.
1111111111. 111. 1,118 8. 1, 1. 1. 111, 1. 118
1111111111111 1111111111111
1111111. 1, 111. 11, 111. 111, 11. 111. Mem· T. 11, 111. 8.111,1.11
uuo„ x. 111. 11, 1.11. 111. mmmmm
111. 11, 1.18 1111111118.1,1.11
1111111111. 1, 118. 1111111. 1, 811. Δ. Maniae Τ. 11, 811
1.111 111111111118.11,1.11
1111111111 Τ. 1, 111 mavit T. 11111. 8. 1. l. 11
11111111 Τ. 111. 111. 8. 11, 1. 11 111111111111. 11111
1111111111 11111111Τ.11,111.11,111.1.111.8.
1111111118. 1,1. 81. 11111 111111. 111,1.111,1.Ἇ1
1111111111. 1, 111 11111111Τ.11,111. 11811. 8. 1111.
Mem Τ. 11, 111. 111111. ι, 11. 8. 1, 11
1.18 11111111 Τ. 1, 111111. B, 111. 11,
111111111111 1.71 171. 111111
um Τ.1111. 11111 111111Τ.1,11.111. 1111111. 11111.
1111111111, 117 811. 11111. 111 111. 8111. 11.
111111111Τ.1111.8.1,1.111 1111111111. 1,1.1. 11.
1111111118.11,1.11 11
1111111111. 1, 1. 111 Meruisse T. 111, 11. 11117. 1.111
1111111111. 11111 11111111. 1111. 11. 111. 11, 111. 111,
1111111Τα, 111 , 811..1,1.11.11,1.11.111,1.11
nemi 1. ι, 111. s. 111. 11 v, 1. um 1. vm 111. 1. i. 1.11. 111
181. 1,1.111 11. 11111
1111111111, 1. 111 Menum A. 1111
1111111111 11. 111. 1111111. 8.11, 1. 1111111. 11, 111. 111118
178. 111 1.11. 1, Ι.1 11111111Τ. 11, 111
neq-ntviiflu 11111118.1,1.71.11,1.11.81.111,1.
lium Τ. 111111 11.11,1.11.11,1.11
mag-tw. 1.111. 11111. 111 1111111111Τ.11,111.8.111,1.Ν
unge 8. 111. 1. 11 Mad· Τ. 1, 111. 1.11, 111
Herm Τ. im. 11, 11. 11111. 8.1, 111111. 11. 111. 8. 1,1. 81
1.11. Α. i, 11. m MeuT. 11111111. 11111
Berge· Τ. ix, 118 11111111 S. 1, 1. 11
1111311111111 111111111188.11,1.11
12111111. 1.111. 111811. 1111, 111. ΗΞΜ1118.1,1.11. 1 1.11. 11185.
1111 ’1 l. 1. 11,1. 11
1111111111 Τ. 11, 181 1111111111, 111. 11, 118. 111, 111. S.
1111111 Τ. 1, 11. 8.1, 1.11 y 1, 1. 111. v, 1.1
Merito Τ. 11, 111 Menas 1.111
nerium Τ. 1, 111. 11111111 MeumnT. 11111
11111111 Τ.11,111. 111,118.111 111111111111. 1, 1.111. 111.
11111111111111111. 11111. 111
111, 811 Μ11111Τ. 11111
1111111111111.1111111111. 1111111111 Τ.1,111 ’
111 11111111111118.11,1. 11
Merito T. 11, 118. 1111111. 11, 111. S· Metire T. 11. 117. 8. ἰ, 1. 111
imm. 111111 v, 1.111. 11. 11111111111111111111
81. 1,1.11. Α. 1, 111 Metiri· T. 11, 881
Meritum 1111, 1. 111 1111111.11,1.11.Δ.1,111111
Merito· T. 111, 111. 111, 111. Α. 1, 111. 1111111 T. 1, 111. 111, 111

ii. 111 Metitur T. 11, 111. 11111. 1, 811. A.

neritum Τ. 11, 111. viii. 111. S. ii, 1. 1, 11
11. 11, 1. 111 Metius S. 1111. 1

 

