00 smnus. xli

Collo Τ. 1 444. 11404. 10, 44. 0, 411. 414. 011, 444. 0111, 1414144110. 10,
10, 44. 0, 417. 4. 111 4. 44. 0, 4. 404. 444. 1444444. 444. 01447.
140.’Δ.1,400 404. 044. 744. 011, 144. 404. 414. 8.

011104010111111ῤ11. 0, 44. 0, 40. 4. 1404. 1111414. 144. 440. 111, 4. ,

..1411114311 1111ἶ;4·.ὲ·1.-1.1,·.’1.“4.· 1

collucere Τ. 11, 444 140

001100014.1, 4. 40 Cometa Τ. 1, 104

0011001001Τ. 11, 410 00010011404. 0, 44. 441404. 01,

collustrent T. iv, 144 104. 0111444. 10, 444. 414. 441. 0,

001001 Τ. 11, 40. iii, 441. 0111, 444. 10, 140. 444. 444. 01441444. 011444.
104. 01, 117 444. S· 1, 4. n. 11, 1. 148. 111440.

0010010 Τ.11,14. 111, 144. 10, 444. S. 0,1.44. v, ⁶. 40. Α. 1444. 404.

0011011111ῗῖ 10110111οΜ 00101114, 00. A. i, 000

Colore 4. 0, 1. 4 comitante Α. 1, 41

colom 411444 comitantur T. 111111. 10, 4. 011 444.

00101 Τ· V, 1000 801, 00 ⁶⁴⁸ ffi, 10 1720 s. 1100110
11444. 444 0000110ῐί Τ. 1441

0010000 4.1,1.1 0001101οΤ.11,440. ’0,440. 010, 401.

00100000 S. 1, 4. 41. 10, 4. 44 014. Δ. 11, 400

. 001οΤ. 01440 comitate 4111. 44

0010000 Τ. 10, 411. S. 10, 4. 44 0000110100 Τ. 011444. 4. 441. 0, 04. 011,

001010004111, 4. 44. 10, 4. 44 104. 411100. 0,1.44. Α.11, 144

001οω104111, 4. 40 comite ⁶. 111. 10 ,

columbe& 1, 4. 104 Comitem Τ. 11, 404. 10, 404. 0, 144.

column. T. 111, 441 444. xi, 40. 011, 411. 4. 11, 1. 44. sii.

0011100010 Τ. 11, 47. 011, 44. 8. 14144. 4. 18. 10, 4. 41. 0, 4. 44. Δ. 1, 400.
’ ff, 10 w· 11100οω0 10, 21180 2⁰· ⁸8 11,ῃὸ

0010041. 01118. 444. S. 1, 4. 0. 10, 0. 1100011001. 1, 440. 11, 440. 414. 111,

14. 0,111, 444 44. 404. 10, 140. 444. 014. 0, 444.

00100 T. 111, 444. 011114. 10, 440. 1, 114. 01404. 011144. 0111144. ix,
000 n. 000000. 000. 1000000. 000.

Com Τ. 111, 444. 0, 440.“1, 14. 4111, 814. 01444. 447. 441. 407. xii.

4.,84. 0,4. 184. Ad. 144 100104. 441.414.744. M, 4. 447.
cumn To 11,Μο ⁶⁴⁴· J, 2⁸8· 11, 5810 11, ⁸· ²⁴· 111001180 ν,101000”οο

10, 701. 1404. 014404. S. 1, 4.’ 0, 4. 40. Δ. 1440. 484. 400. 440.

114.11,1.44.1114.1.10. 11414. 11, 44 444. 444. 444

10000 ἢ 00001000. 0., 000. xm. 00,
00000001. 111, 144. 400. 441.· 00. 404. 4. 444. Δ. 01, 04

144. 01444. 0111444. 11401. 01, 0001110001.1,444.111,100.10,404.01

440. 4111. 144. 11184. 11140. 411. 011104. x, 411. 01144. 4. ,0,

141. 0, 4. 114 4. 444

Gonnum Τ.10, 101 00011001. 01, 441

0000000111000. 011440. 11404 commaculet Τ. xi. 144,

comanti T. 0, 444. S. 1, 4.4 001010οω1011. viii, 14

comm ’10111440 0, 441004. xi, 0000000104.10,4. 100

440. xii, 440 commemorant T. viii, 114. ix, 104

Gonu T. 1, 404. 400. 11, 144444744. 4000000001.10,444
111140. 441441. 0,440.404. 01, 0000001000011000
91.114.444.414. 011110. ix, 444. Commendet T. 10, 444. viii, ⁶⁶⁶. 10,
¹, πὶ 11,,170 lam s· ffi, ⁸0 ”⁶0 ἥκοι 811010

· m. 111441. 40. 0, 4. 10. 0, 4414. 0000000040 Τ. 0, 440. 011, 744
A. 1, 10. 11. 440. 440 comment. 4. 111, 4. 0. Δ. 1, 01444

Combibit T. 1414 commercia T. 11, 414. 0, 444. 011, 444.
calneht 8.11,ι1.ω so ⁶, ⁸0 ⁸· 0101000
cornere T. 10, 441. 10, 004. S. 14. 111. nominatissima
11, 1. 144. A. 1. 41 000000100ῐί1 Τ. 011, 444
conen Τ. 1140. iii, 404. 1140. vi, commisimus A. 140. 444

11010101 100. Clu. 104. sm. F

 

