114 mnium.

1611611Τ.11,199

1111111 T. 111, 644

1611111. ii, 696. 916311, 699. 799. 11,
96. 997. s. 967. 11, 496. 111, 199.
119. 8. 1, 9. 999. 997. 17,4. 99. A.
i. 196. 649

11116181, 9. 99. i. 9. 97

11111661 T. 1, 196. 194. iii. 191. 1,176.
vi. non. 61111. 6111

1111611111 T. 111, 669. 1, 491. 649. 111,
ansanus

1111111111. 11, 761

Trsjentuns T. i. 91

Trsjecins Τ. 11, 999. 1, 919

sune. T. ii. 49

Tramite T. 11, 166. 969. 8.111, 1. 97

1666111111. 1, 996. 411. 11, 967. 111,
sss. 1.,111. sannis. .,1.11.
A. i, 991. 11, 149

Tanquiiin Τ. i, ιω· Λ.1,194

quumo T· Ti, ²¹· 9781 S. 991, ¹· 181
1, 1. 999

Tranquillum S. 11, 9. 41. iv. 9. 99

11111ᾳυί11111 T. vii, 194. A. 11. 199

’1611161111 T. 11, 619. 111, 969

1116116111 T. ii, 9. 11, 719 -

1116111111 T. 11, 199

Tssnssdigsns T. 1, 197

1116616616 8. 1, 4. 199. 1, 9. 966

1116111166 S. i. 9. 197

1661161618.1,9.97

11111116πί118. iii, 4. 1

11111111 T. 11, 999. viii. 977

1611111618. 11, 1.191

1116111111 8. 111, 4. 6

1116111111 8. 111, 9. 9. 111, 6. 99

1111111111 S. iii, 6. 69. A. i, 999

1116163611 8. 11, 7. 79

Tssnsings 8. i. 9. 999

1661163161 Τ. 11, 999

T 1111116611 T. 11, 999

Tnnsfnndssss T. 1, 994

Tssnsgnesso T. 11, 779. 11, 94

Tssnsgsessi T. 1, 749

1116116668. i, 9. 99

1711111 8. 1, 4. 19

’1116111111 T. 1, sn

111611ςί1 T. vii. 696. viii. 479

11111111 Τ. 111, 769

11111ιί11661 T. 111, 696

1116116 Τ. i. 149. 11197. 111, 919. 8.
11, 9. 49. 111, 1. 197. 111, 9. 97. sss.

11111111 T. ii, 996. 1111697. 11, 996. ¹»

Tnnsitnre 8. 11, 7. 49

1116166111. 11, 649

1111161116 T. ii, 79

ccxxvii

1116611166 8. 11, 9. 19
1116161111 Τ. 11, 769. 11, 994. 111, 749.

Summi

1611611111.11,997. 11, 147. 1, 699

Transmisso A. 1, 969 v

1661611111. 11,49. 8.1,4. 194 ,

1116161616 T. 11, 196

1661611618 111, 9. 69

1116ιωί11111 8. 1, 9. 169

Τ1161611111οΤ.111,979. 11, 699. 11,
977. 999. 111, 496. is. 999. 1, 691.
8.1 1199

1661611111 Τ. 1, 499

1116161191 T. 1, 499. 1111, 699. 8.111,

T summittitur 8. 1, 6. 99

1111ιωί11661 T. 1, 19

1116611116 T. 11, 911

1111116111 A. 1, 469

Trsnsponem T. 11, 697

11161111. 1, 494. 8. 111, 9. 99. Δ. 1,

Transtulerat T. 11, 969

Transtulit 8. 1,1. 199

1116111111 Τ. 11, 799

Trsnssehis 8. 11, i. 177

1661116161 T. 111, 996. 1, 499

1111611611. i. 949

1116111111 T. 11, 469

1111166111 T. 11, 949

1111111611 T. iii, 9119

16611118. 11, 7. 99

Trasimenus 8. i. 4. 99

11111111 Τ. 1, 994

11111111.Ι 8. 1,1. 91

Tsssisnn A. ii, 999

1111111111 8. 111, 4. 49

11991911 T· ix. 917

111111 T. 1, 994. 111. 999. 8.11,4.196

1116161611. 11, 749

1116111118. 11, 6. 97

1661616111 T. 11, 669. 1, 716

1661616661.11,441

1666661. 11, 699. A. 1, 947

1116111166 T. ii. 699

1661111161 Α. 1, 697

’1116111111 Τ. 11, 716. 111, 661

1116161111. 111, 914

. 1116614611.11,799

1116111111 Τ. x. 164

1116111 T. 1, 916. 679. 1111, 949. 1,
49. 111, 774. Α. i. 694

1116161161. 11, 497. 11, 919. 8. 1, 9.

1191166111 T. 1, 919. 699. 11, 979

1116111111. 11, 699. 1, 96. 111, 799. 11,

1119161111, 66. 1, 979. 9. 11, 7. 96 ·

 

