11111 mm

1187.1,,11 11,111111..111111.11111111,,1,1111111 11411
11111114 111,.111 1111,,181.11111111111Τ.11,411
17.,,.81111714717.881.1,,141 lib-»dmm
171.111,411.8,11.118111,1.14. 1111111111
11,7,111,1,111.1,1117.Δ.1,111111ΤΑ1,14.1..1111111,111.1ῧ,

1111111Τ.,.17171,118.717,111,70 11111111. 1171

111111111111111. §.imm 1111111. 11

111111111111 1111111,11,.111,811,1.11

1111Τ. Ι,.114111,111. Tm 11, 1111111111, 181
111. iv. 111. 111. v. 111. σί, 111. 11111117. 1111, 111111
11,114.Μ,118.787. T. 81, 444. 11111118.1,1.111
Ti. 111. 111174, 111, 871 1111111 S. 11, 8. 11

1111111,11’,818,1,111.1111111,11, 1111111118,11.1. 11
18,11,111,8.11,1,81 1111111111. M

11111111.11,111.111,111,1.11111 1111111118.11,,11

1111111311111,111,171,178.ι1111,
11111118,111,1.114,11.1.117 841,11,,118.11,Μ.11,1.117.
111111118,1.1.11 111.1.114,111.1Ἂ.11.1,44,11.1.
1111114Τ.1.181.8,11,1.11,8.11,111 811,1,187,4,1,188.177,·Α.11

11111111 T. 11, 171 111, 181

mu s. Th& 91 UMT. 1110581 ὤμω· 'iii' ,01111

1111111. 1111. 1111117, 1111111. 441. 1887
111 111111, 11,11, T. 111, Ti. 118. 111.

1111111111, 11. ι, 118 111,111177.111.11,741,8.1,1,

4211111111 181 ’ 77,111.1,11,Δ.11.114
111,1ι,141,771.811.111114.1111111.1.,8111,1,11,111.8,1,1.
1η111114181,111,117.11, 41
111,8,11...1411111111,1.11,1111111811,1.14

· ,11117 11111111Τ.111111.111, 11181. 11.

11111111.11.114 711,8,11,41.111,1,11,1,,10.
11111111 T. 1. 77
“infidum 111111111ΤΛ1Ἇ4, 111111. 117.
Imm 8. 111118 18
11111111.111,174.11111, 111141. Ιὶ1111111118.111,1,11. 111, 18, 11.
11111. 1111. 11, 11 11
1111111111Ι 11. 818 111117.11,111.11,111.111,111. 1111,
1111111811111 11111111111111114,
1111111111. 1,, m T, Tu'
know. ... TT . 1111111111111111111
1111111.ἰ,177,11114.1111,111 Ι111111Τ. Ti. 811. 1111 114, 11, 148
11111Τ,1181,111111111,117,11111111“.11,181.11,Μ1
711.1111178.111.441.111,1.88. 111111111.11,411
11,111,1,,1118 111111.1111,118.111.1.11
lavis, 1, 1, 11111, 1111, 811414 1111111Τ, 1111, 411
111111. 1111111 11111111, T. 111
11111111.υ,111.1.1.111 1111111111. T. 18
1111111, 11181.811,111178 1111111111. x. 118
11111111, ix. 814. Αἱ 111 1111111184
1111111111, 111. 8111111. 111]1Τ.1111411,11,11,8.11,1,71ι
1111111111141111 11,8.101,,,11114
141 1111111811. T. 48
1111111111 11131111, 8.11
111111111417, 1111111 1111111111
111111111111. 11178, Ι11]1118,111.18
11118 1111118514, 81
lib-bompdw 111]1111“,11.111.,8.111.11
UMT. 11114 11111111, 711,011,Μ
1ὡ11κι11Τ,111,.,8181111.114 111]οω1,111,,11111 m

 

