114 annun.

vium· ,181781 ⁸¹0 “⁰0 'iii' Μ ω· Anum
611. 688. 11648. 871, 686. 786. 1611111118, 1, 6. 66
ιιι868 684 818817, 11, 8. 88. 16111111Τῦ ιι, 688, 11, 788. 8.11, 1.
11786111816871841114 16611,8,16
181,11,,.18811,..886 1, l. 18. laqueati'r.=i.m
ἶ4.188., 1, 8. 8.1, 4. 14. 1111 116. 1661111111 11167. 11, 166. 861. 8.11,
1615118, 1, 886. 11, 617. viii, 866. 1611111111Τ. viii, 181
11711. 8.11,61.18,876.111,8. 16111111111486, 1466161,186.
868.11..816 8,,.18814,.811,886
nummii, 788. 111747. 8,1,.8 1611117. viii, 147 1866. 8.14.
876 84. 1111611111. 1, 1.187.1,
longaviT. 1186. 11, 467. 1, 866. 864. 8. 168
11, 184. 8.11, 1, 86 16111111111118611476
16ιᾶ1111831, 8. 186 1611Τ. 111486. 11, 884. 886466. 111.
ΙοιιςιιοΤ. ιι, 74 866, 1, 646
1613111618.ι 11, 7. 48 1611611116
1611111111166. 8111118 ,4.1, Ι6111111’1“.1,867
16111161, 418. 11, 486
1611111116161181611. 1611111788
148 1616181, 6. 68
ung-mmmm 111,7.78 111,.668 1mmT.x,⁶8⁷
8.11, 1. 46 1111111111, 868
16 ιις.ιιιιιιι8“ι18.18 1611111466
16111181, 8. 18, A. ii, 876 11161111Τ.Ι ιι, 818. 11, 686. 648. 111,
1611116166. 11, 68, 8.,.1116 86. 766. 1178868, 474. 1,688. 846.
11,..466.Λ1,446 11186881868ιι,14881
1611111111 111, 686. 111, 888. 8.“ ιι, 11, 8. 47. 11, 6. 11. A.' 1, 647
1. 68 1116111111, 86. 8. 11,6., 81
161ρι111118.1,4.18 Iuenna: vui, 688
1611161111886. 8.11,1. 86. 11,8,1,1111118,11,.7 1, 111, 8. 86
148. ι,1.886 1611111186 11, 8. 86
161111111688. 1, 166. 468. 11, 187. luctuum S. 11, 7. 18. 86
111688. 8.1,8.184, 1118166, A. Imauus 8.11, 664. 8.1,8, 168
1684 1111111, 818. 486. 11, 77. 878. 818.
16111111, 11, 8. 1, 178. 768. 1184, 688. 111, 48. 166. ιι, 867. 11, 666.
1111716.11,118.111,188,881.486.111,888.778.1111,88.168.188,188,
816618611168611886 878,11,8..,18671877,1174.188.
16111111, 888, 11168.881.446.111468,111488.8,1468,116,11,8.
6166166111116146416466. 68,111,1.184.1,6.84.Δ.1,887
614.1,188, 668.666.1ἰ,188.866. 11, 868
868. 111, 886,.886 686. 11, 688. 846. 11118111. 1111, 668, 8.1118. 11
1, 44. 88. 468. 668. 786, 11, 66. 88. 1111111111,Ἰ ιι, 168
884. 666, 748. 111,748.668,8,1,1. 1611616611.1141114161111.
8116461188148111,187 88816161176611148481
11186611 176. 11,8.64.11,6, 1.7,111,1.176,11.,847118..71
84.,11.816,1,,,,87881,..8188 11,1.86,.Λί,.86611,144
,1118167 1611111Τ,ι,666.11,86. 1111886466,
161361114116868187811 1111,6,,,8618888..1,..816811,8
7.46,1116,.16711,,888 88,1,.8187
161131111Τῦ1, 816. 688. 11 168. 868. 1611111611166
488. 11186888. 11, 84. 1,4 4.64 1111111111Τ,ι,88.11,886.1,86- ¹¹0
74111661, 11186666866811, 881
888,1,864.487.11,811,681.111,1661166611,1,186.111886
668.8.18..181,4..1611,8,144.1111111118.1,8,86
11,878,111,8.66-11,.741,1,1. ΙιιοειΤ...16661186811866641
1111511166161, 888 1611111118. 11, 1188, 1, 667
1611111661, 1118. 11,.,864816 IncidnT.i,.2⁶ 1,688,11,.466 8.11,
1,674.111,..886811..6611,8. 1..76.1118866.,.11881

 

