uffii

mm T· 144, m· 17,440

niter-M. 4. 41

111111111Τ. 11, 444

ἓῙῃΤῐί,ἱ444ω81,..,444 111,4.44
1 1

mar. 111447

11111111 A. 1444

11111111 Τ.11, 744

11111 .11, 1. 44

nimam ,447

4111111111111.1111111111

Β111Τ.111,144

41111411, 4. 4

4111111441, 1. 44

Bi 1111.11Τ111,.444 411441

1111114111. 144

41111 111Τ. 1111, 444

1111111114νί, 14

mmor. 11, 144

11111111Τ.“ n. 447. 4.111,1.18

41111111 4. 1, 4. 44

’ ‘mmmmm

111111111Τ.111,411.4.14. 174.Λ.11, 444

411111111111, 441. 111, 441

Bistonia Τ. 11, 144

4111111117.111,1

Bistonides Τ. 1, 144

Bistonii· Τ. 11444

Β11ω111 S. 11, 4. 41

Bistonium T. ii, 447

4111111114. i. 1. 14

411114111Τ. 1444

111111 Τ. 1444

411114.4,1.141.141.4,1.77

1111141Τ.1,141. 1144. 111144. 11,
144. 1, 144. 11, 444. 111, 444. 444.
411, 4111. 11, ’1.44. 111444. 111,
4147. 11, 4. 74. 41444

4111111. 1, 444

Blandum T. 11, 144. 4. 114. 144

4111411111 Τ. 11. 444

1ηη1ω11ω11ω1
v. 444

Blandior T. 11, 444

4111141. 1, 114. 4. 1, 4. 44. 11, 1. 44.
111, 1. 44. A. 1, 144. 444

Bhndinimn 4. 111, 4. 44

1111114. 111, 4. 44

41114111 A. 1, 444

41114141.1.11.4,7.11. 1111178.
1114114. A. 1144

1111111111 Τ. 11, 444. 4 i, 4. 11

Blandus T. 1, 414. 444. vi. 141. 1, 4.
14144. 11, l. 44. 444. 11, 4. 44. 111,
‘01⁵2 4, ⁸0 ¹2⁸· v361’81 Δ. ‘312⁴-
11, 447

4111111111444

4411111111

4141111111·

mnu

4111111114.1,4.47

41111114. v, 4. 41. 44. 44

11111Τ.111,444.111,,441.11,.41 11,

414444.”’ ιν, w. 1, 4. 44

nom ,1141411114411144 4.

1141111 1, 444

111111Τ. 11714. 4.1,4.144.144. 4.
11, 1. 44. 11,..4144 111,4.44.11,4.
44. 11, 441. 1, 1.44

1111111Τ.1,144.111,44 ..

111111Τ.1144. 111444. 11, m. m.
114. 141. 111144. 1144. 11444.
4. iv, 4. 144. 411, m

nuato Τ. 1.444

1111111111

non-mm 111441. 11444

1111111Τ. num. 114444. vim.
4111444

1111111111. 141111 11442.
1744. 11144. 141, 411. 11, 114.
4. iiiam. 1.1.44

nov-mr. 1111, 444

ΒοωιιΤ. 11, 744

flnctuum· 1, 414444. 111144. ivm.
1,4..17474 1111111111111.
744. 441. 444. 444. 111, 474. 447.
1111..44444711,.4441,..171444
111, 471. 4. i. 4. 44. 11, 1. Ml. 111,
4. 174. 111, 4. ω. 11444. v, 1.
444. 1,4, 14. A. 1, w. 144. 414.
444. 441444. 444. 11, 144

11111111 Τ. 1111, 1oe

1411111111 T. 14, 474

41111111 T. 111414

Βῐέη Τ. 11444444. 111441111444.

.11,4.47

Bm Taam- ,Τ.ὅη

nme· T. 111, 441. 4. 111, 4. 144

Brevi T. 11, 444. 4. 1, 4. 44. 11, 4. 44

ΒΜ1411411,1.44.144

4111411411444

1111111111. 1174 ’

4111111114. 1,4. 141

nmis Τ. 11, 14. 11, 44. 441. 11, 7. 44

1411111111 Τ. 11, 474

Breviter 111417

urim Τ. 11, 444

1111111411, 4.44

maimo

41111111 4114144

4111141.11,111.41,11. inm

Bromium Τ. 11, 444

41111114 1, 1.4

11111111 41111141. 11,4.44

1411111Τ.11.444. 1144. 111447. vffi,
414. 111441. 414147. 1, 444.
11,4.14

ΒωωιΤ. 11, 441444. 744. 11, 444

 

