ΙΝ 80001011.

Atthide· Τ. 111000 0111011111 Τ. 1000
1110111114 110111. 011111
Atticus Τ.111,000. 700. 8. 1, 1. 100 0111118010. 04
0111110111. ν, 406 , Aucupor S. 1, 4. 100
intigit T. 1, 071. 8. fi, 1. 101 01011111 T. viii, 084
0111110101. vii, 708 01010010. v, 000. 111000. ix, 810.
Attollat S. ii, 1. 11 8. 0111
011011οΤ. 411111 Audaci Τ. 111400. 11, 000. 10111.
0110111111· 111. 14111414 11110. S. i, 1. 00. 01. 111. 11
0110110101 S. 1,1.00 00011111.111,100. ix. 007. 781. ι,
11011011.1ν.101.001.,1111. ai, 800. 0110011411
0. 170. v, 0. 10. 1111441011 0101111 T. ix, 700. 111, 107
Attolle· 81110100 001101Τ.,11,44. 070. 407. 018. 11,
Attollens. 1,0. 100 710. 11, 104. 000. 010. 700. 840. vii,
01101111 Τ. i, 001. 11, 100. 11, 108. 11, 080. 101111. 11000. 807. x, 400.
00. 8.1, 1. 47. 11, 0. 01. 11, l. 10. 10101110000.81011111.
11111. 11441 04. 11. 111 ·
,1110111111 8. i, 0. 04 1111111 1. 114
0110111111 T. 11, 00 0100110. 1410. 11, 010. xi, 008
0110111111 T. 11, 800 Audebunt 8. iii, 0. 70
4101101. 11 410. v, 111. vii. 401, 1101111010. 101
111111. ..1.14. 11111 11111411. 11141
01101114111.11,10..111,018. 1.1 181. Audentes. 1, 1. 80
001. 11, 000 0101111 T. ii. 040
01101101 Τ.1.000. 11, 000. 111207, 0100111110οω8
400. 11, 070. 01111. 400 11011101. 11, 170. 11, 008
Attoniti 1. 1 111. ii, 110. 441. 11111. 1101..Τ.ι,401.410
vi. 110. 11111. 1111101111. 01001. v. 111. 1⁵, 141
111, 10. 708. 8. i, 1. 7. 11, 1. 174. ν, 100011441Λῖ1. 1011601· 1. 910·
“0.48 8. ima. 11, 0. 00. ν, 0. 01
0001101011 080. 11080. 11, 680, 0101111. ι, 801
01111401. 11111. ..110 1101111144
111001.ν,100.141. 111111. s. v, 1101000010. vi. 011
100. Δ. 1, 010 110101.1..111.1.011.1
0110111101 Τ. 111. 080. 11, 000. ι, 870 00010111 Τ· vii, 700. xii, 100. 0. 1, 000
01101111181111. 108. A. 11, 010 010111Τ. i, 118. v, 044. 11100. 11,
11010110.10.11.,11 800. xi. 400. A. 118
11110011. 111000 1101111. vii, 040
Atmmit'r.viii,01 0101011810.οω
01111111. 1111, 000. 8. 1. 1. 00 111111. vii, 780
01111111 Τ. ι, 004 1101011. iv, 004
1110111. 01111. 11111 Audire 1. iv, 101. 100. 411. 11101.
Attrita 111111. 11111 101. 01111. ix, 010. 011. 40.
,4101111 1114 10. 14. 41. 1111. 11. 101. 111
1011111401. 111411. 11111. 100
111174, ,11014 81011018.111,0.18
,4111111111 004 Audin· Τ. 11, 710
,1131101111101001011 s, 1 11001. Τ. iv, 110
5, ⁸0 010111. vii, 080. 11000. 811, 7. 07.
01111110 000 118
,1100111111 1100411. 11101. 11111
0001100178. 8.11,8.00 0001111Τ.1,080 ..
Auem τ, i, 1111011111, 11411411. 1100110111110. ’,100. 1111.
vii. 111. 111111. 1111111110. 104. 01411. 01110· 8111· ¹¹⁷·
870. 1800. 880. 8. 1, 1. 78. 11, 0. 1110000
110. 8. 11, 0. 108. v, 0. 100 110100. iv, 087. 11, 110. 11, 1. 8. v,
Auemfe T· il, ⁸⁹0 s. V, κῃ l· 28115. Α.οι 1οο

Auctorem Τ. 11, 418. 700. x. 084. 8. Audita Τ. 11, 718
iv, 0. 04 0111111110.111.480

 

