111 unctum, ccix

11. 111. 11. ι, ι. 111 ι,1.11. 111.ι,1.11.1,.1,111
Δ. 1, 67. 619. 11, 669 Spectmen Τ. 11, 691
6111 Τ. t, 196. 11416. 11, 617. 111, 496. 6111111111 8. 1,1. 114. A. 11. 166
1111111111. zu, 111. 11111. 1111111111. 11111. s, 1, ι. 11
11111111. 111. tt, 111. 11111. tv, {ffcgffif't'ffltu
666. 767. 1,666. 1, 19. 799. 111, 199. Spectabunt 111, 169

8. 111, 6. 6 8111111111 Τ. 11, 769. 8. 1, 6. 96
tutent. nm 8111111111Τ.11,666

samu. 11111. 11111 1111111111
811111Τ.11,116.416 spectandus Τ. 111, 796
sortitos. 1, 9. 17 6111111111.1,64.111,166. 1116. Δ.
·80111111Τ.11,166. inu 1, 617 .
supe· τ. tx, 11 spectante 1. i, 1. 111
11111111.ὶι,11111,11.111.1111. 111111111111. 11196. 8. tt. 1.
m V, ⁶· w ⁹²· Ἦ, 11 1401 ¹⁷⁶· SV, ἱ. ⁴⁰
81111111111111699 61111111 Τ. 11, 177. 1111, 766. 11, 1119.
· 1111111111. ι, 111. s. t, 1. 11. ..111, 11111. 111111. 11, ι.
1111111111. 11, 1. itt. ι, 1. m. ι,1.111 ·
111. 11111. 11111 1111111. ι, tus
6111111116111, 1. 66 8111111116 11, 191. 8. 1, 1. 116
6111111118. 11, 1. 161 Spectatum 8. 11, 1. 19

6111111111 Τ. 1, 669 8111111111 Τ. 11, tet. 8. 1, l. 116. 1, 6.
81111111 Τ. 111, 616. 111, 111.11,761.761. 111

1, 711. 777. S. 111, 6. 19. 1, 4. 19 8111111111 6. 11, 1. 171
8111111116.1,6.166 8111111111 8.1,6.6
81111111 Τ. 11, 114. im! spectent T. 11, 166
8111111111 Τ. 11, 616 Spectetur Τ. 1111, 666
8111111 Τ. 11, 19. 111616. 111, 616. 1111, 8 111 Τ. 111. 191. 1, 491
.. '' 11ἵ11111111 11114
6111111118. 1, 6. 116
8111111111Τ. 11, 179. 111, 119
6111111111 8. 11, 1. 6. 1, 6. 166
8111111111 Τ. 111, 671

1111111. 1.,111. 1111111. 11,

Speculum S. 111, 4. 91. 96

Spurcum 8. 1, 1. 114 8111111 Τ. 111, 616. 111, 11
1μιηι1.ι1,11.1.1,111 1111111111. utut
8111111 T. 11, 167 - 8111111111Τ.1,96
smmum · 11111111.1111111111
epm-u. 1, 496 sperantium T. 1, 146
6111111111 Τ. 11, 791 61111111Τ. 116111. 11, 697. 111, 714.
8111111 Τ. 111, 411. 8. 1,6. 196 11, 16. 6. 1, 1. 76. 1, 6. 111
81111111 Τ. 1, 161 811111 Τ. 111, 697. 6. 11, 6. cu
Spct'n Τ. 11, 196. 766. S. 111, 6. 99. 11, ἐρωὴ 111411

669 te atim
611111111611, 7. 1 tffit· Τ. 1, 469. 111, 169
81111111 Τ.1.199. 11, 694. 1111111. 8. 61111111 Τ. 11699

111121 spernunt. vt, 111. u. ι, 1. 111
811111 Τ. 1, 161. 11, 114. S. 11, 6. 46 8111111111 Τ. 11, 761
8111111116 11, 176. v. 669 81111111 Τ. 11, 169
8111111111 Τ. 11, 611. 691. 696. 1, 794 speruit Τ.11,119. 8. 11, 6. 67. Δ. 11,
8111Τ.1,166. 11, 69. 11, 416 616
8111111. iii, 191. 8.1, 6. 69. 1, 6. 116 6111111111. 1, 616
811111111Τ.1,466. 1,691 · · 8111111118.111.1.66 ,
8111111111116. 11, 166. 191. S. 1, 6. 8111111ιὶ116. 1, 191. 669. 11, 461

16. 11, 1. 41. 111, 6. 69. 11, 6, 19. 11, 8111111111 Τ. 11, 616

mutnet... 111111. tu

 

