1111 1111111

811111Τ,,.11887 1,.487 1,,816 111, socialem&
81,.811,,869 8οα11111Τ,,111888.8,1,,8869,8.1
8111111111, 868, 1, 68911, 694 816. 11889
8111111Τ11 88 814 11,148,817.111, 8111111Τ.1,.188,469 mmmm
877688..,14111,888111,.169 8.11,1.84.,81,879
8,1,8.87.1,,8,7811,.,118111,8 811111Τ.11,896.11’,888,8,1,.648
119,111,,.,81788 1118,48,11,1. 8011111181874
81,11,,.88411,8,,,86891,9.89, 8111111118.1,1,48
8111111181 8611111111Τ, 11, 498
8111111181, 1,118 81111Τ,11,688, 1,1188, 11,741, 869.
811111111Τ, 11186 111689, 897, 1111789, 11, 46, 1,
81118111. 111 111, 11,, 111 .„
Sirenum S. 11, 8. 1. 111, l. 64 8111117. 1, 189. 179, 499, 11, 919, 1111,
8811Π8Τ1116851 8111811561 113161 ii, nl· ⁵⁷²· ix, 16818771 ¹⁹ lm· 81 hi,
l. 816, 111, 1, 64 6, l. A. 11877
811Τ. viii,n 189 81811111. 11691. 111698. 111148.
811111Τ, 111898 .· 411. 8.1,464
8111131νρ111. 1868. 1111, 688 8611111111Τ,11,87.1,468
8111111181114 ,84 811111811111. 1,471. 111888616,
8111116817. 11, 489 1111888711.1,188118118717.
sistit· 11, 448 1,848,11,689,111,898,8,1,1,
811111Τ,11,689.1,,86411,,,,87481 194.Α,1,817,11,19,78
888 81111111Τ.’ 11, 884 111, 64, 979, 1, 418.
8111188111 8. 198 11, 179. 698, 1111, 844, 1, 769. 11,
8111811111Τ,·“ 11, 889 166,111,676,8,11,1,88.111.6.197,
8111181111Τῦ 111, 887 · 1, 8. 88
811111111Τ, 111769 , 8011118111, 1, 69. 111,8,96,111,8.161
811111111ϋ1,888 ·. 8161118· 1, 8 9
811111Τ1118698148611887 8ο(111118,11,,686,,1899
8111111111.ιί,111.11,111.ιν1111 811Τ,1167,1114611.1,86,11,881.
784,7’64,.,,1178711,4.788,11,7. 111,469.8,1,6,,48,Δί ,466
11 81118118 11, 417, 684. 678. 18,
81111Τ, 111686 68411, 489, 4441111,
81117.·111111,11,111,111,1,111,8111188181
11198 111746 8.1,1..79 1118. εοιιωτ.,,811.8,111.11,111.1.
168.11,9,,1918,18 11849
8111111Τ, 111169, 1,198. 8118, 76. 1, 8111111111Τ, 1,1199, 1,1189, 8.11, 1..1
8, 84 1, 1, 88
81111Τ.11,,698 8.1,,4.187 11168 881111118,11,,489
111, 8, 816 81111161Τ,“· 111, 118
8111113601Τῦ ιι, 878 8111181111, 898
8811118111, 8, 89. 11, 8,8 8011111881, 8. 81
8ο11ο1118,·111,1,177.11,8,,4 A.‘· 11, 196 811111111Τ. 1, 817
81111111Τ,,1488. S. 11,.887 1, 1.,79 811111111Τ.1,88. 11,,698 8.1,186
181 8111111111Τῖ1, 888. 11, 848. 8.11, 6, 16
86881183118, 18 - 811111Τῦ· 111, 718. 1,149,· 11, 886
8ο111111Τ,· 11, 688 86111Τ, 1, 494
8181111844 11. 111, 1118858448 8811111111, 69
111,868,879,498.11,89.899.111, 81111111.1,111,118.111. 11, 188. 1,
667,11,,,61,.7711,,1681868111, 186,1111,.84611,17,..,6696641
l.⁴⁹.A.ii.⁹⁹⁹ 111116984181118889111
896111Τ,1,996, 111891. 884 6,,84 11,7,198,188.111,8,81.11,
8611116Τ.11,618 4.196.1,1.,,81,8899,Λ,ιι,
8111111111· 11, 189, 1111, 687. 11, 817 878
811111111Τ,··ιι, 866. 1,11, 884 81111118. 1, 6, 49
811111.1111ιι.11,111.111111,111, 8111111781111. 111,494,11,79,11,
688. A. 1891 881. 8,11,8.,61,1.176, 81649,
81118Τ,111,’646,1,668,1111,.849 8. 11888
1, 8.8 81111111Τ. 1, 719

 

