111 smum. lxxvii

1111111111 T. 11, 194. 111846 686. 1111
6111111111 Τ. 11, 476 · Fatetur T. 11, 666. 11866. Δ. 1168.

11111111.11,111.161.1111111111, 616 .

8. 178. V, 1. 168. 886 Fati Τ. i, 668. 1198169. 196. iii, 99.
8111161111.111,118. 811, 1. 68. Α. 11, 686. V, 684. 788. 111468. viii, 866.

874 · 688. 611619. 11, 166. 779. 11, 149.
8111111111. 11, 877. vii. 691. 771 814. 66. 11, 1. 111. 1118. 176. iii,
8111161041. i, 641. 8. V, 1. 81 6. 46. V, 1. 166. ’,8. 86
1111111111Τ.1, 664. 11, 811. S. ii, 6. 6. Fatidica S. iii, 6. 97

16. 1114. 67 11116111 Τ. iv, 187. 1, 616
1111111118.11,6.11. 111111 11116111Τ.1111166
11111117. ii, 174. 891. 11111. 8. i, 4. 8111611111 Τ. 1, 666

86. 114. 16. 1,8.161. 1,6.49. A. fatigant T. ii, 144. vi, 796

1881 611131181171
1116117. 1, 666. 11, 84 1111111 Τ. 11, 688. vii, 78. 11, 166. 8.
111811, 9. 81 V, 1. 8. Α. 1, 164. 817. 888
1111814181 81111Τ. 1611661. 11, 676. 648. 111,

111. 1, 111. 111. 11, 111. 111. 111 11111. 1.,1. .,111. mmo. 11,
1.....1.1,1.111.111. 11. 11. 11, 1. 111. ..111. 111111. ..1.111. S. i,
111.111,1.111.1.,1.1.11. 1.,111 1. 11. 111. 111. 111. 11. 11111.

Facibus 1. 111111. .,1. 111. v, 1. .,ι.111. .,1.11.1.11,111.111
169 811111111Τ.111146

Pati S. 1, 4. 88 11111111 S. V, 6. 11

fastidi· T. i. 116 8111111111.111.196

81111111 Τ. 11166. 11161181. 1, 616. 1116111181, 186
686. 666. 746. 876. 981. 11 866. xii, 11161111. iv, 187. 1111166. 8. 11, 4. 88
166. 8. ἰ,1.161.18.16. 1111. 1111111118 1 111. x, 666. xi, 91. 111,
iii, 1. 98. 111619 848

mulvium Fato T. 1, 461. 1111111111. 11, 764.

Tutin 11,1.1.16.ἰν,6.1 1, 847. 8. ii, 4. 8. 111166. Δ. 1,

111111811119 177

81111 Τ. 1, 186 1111111111 T. 11161. 111, 166. 864. vii,

11111. 1 86. 174.176. 818. 474. 686. 198. 1111, 11. ix, 867. V. 868. 8. 1,
11, 1488696114. 11186. 841. 816. 8. 78. 81111881
646.166.11.191.181.464. 1119. 11111117.1,766. 111468. 491. 11, ,
871. 467. 679. 698. 714. 746161. 661. 1. 676. 8. V, 8. 84
1111111111. 111, 11111. 111. 11117. 111111 ,
1.,11. 111. 111. 111. 111, 111, x, 111111. 1111. 111111. 11111. ι,
76. 168. 866. 816. 864. 666. 691. 884. 689. vii, 896. 614. 11, 81. 1,

618. 11, 899448718. 8. 1, 8. 46. 171. 1111111771
161. 146. ii. l. 164. ii, 6. 168. 11, 1. 81111111. 11 414. 616. vm, 761. 1,46

869. 111. 166. iiia. 11. 111111. 8111111111Τ.11,499. 11, 116. 1111646.

V, 1.88.146. 869. V, 8. 87. Δ. 181. 11, 186. 747. 8. 11, 8. 71

141. 166. 489. 666. 646. 649 11116111. 111, 447
8111111. 11, 111. 11, 166. 11, 614. xii, 1111111 8. 111. 76

81. 8. 11, 1. 116 1111111 Τ. 11, 76. V, 719. 11, 614
Γ·1111111’1“.1111,816.6.1,476 11111111111111
161111. V, 68. 11, 196 8111111117. 1111666
8111111111111. 11, 686. vi, 986. viii, ruentibus T. 1, 167. Δ. 11871

166. Α. 1, 464 111111 Τ. 1, 896
ruamraiv. 111 1111111111. 11111
Fatebor A. i, 146 Favete 8. 111. 19.16
rutente· Τ. V, 461 1111111 T. 1, 111. S. 11, 1. 1
Patentis Δ. 1, 664 11111111 Τ. 111 48. 418. 8. 11, 6. 89

1.1.111.Τ.11,111.111,111.111 811111118.1,6.17 ..
111111111111. Δ. ii, 161 1111111111. vii. 181. 811, 1. 66. m, 8.
1111111111. 11841. 11161. 671. 9111168·

11, 681. V, 618. 11466. 11666. 896. 11111 8. 11, 1. 46 ..

xii, 816. Sa, 6. 6. Λ.1,141.667. 1....1...,1.11.11,1.11

 

