. TN smum.

111.1191111,111.9.11,1.11.1,
9,1.1,11,99

01017,111,790. 9,111,1.109.1,9.19

0101011111, 909. 909. ,,1 81

010117.1,911,919,11,998,111,990
11,199.1111,.9 1,979. 9,1,.987.
11,9.11.1,1,99,90

010111711119,111,799.1,991,111,
900,9,11,7,,91111,..99911,9.99,
A.' 1, 999

01011119,11,9. 99

0101111 S. 11,7 99. 97

010011 T. 1, 71. 1111, 977

010111 Τ. 111,19. S. v, 9. 19

01000111101 T. 11, 999

Orcus T. 111, 191 -

0111111911, l. 9

07111118 T· T, ,οἱ 4511 58915521 11, ¹⁶⁹
171. 999. 999, 191. 111, 99. 999. 909,
991. 1,101. 911. 118. 11,971. 111,
990. 991. 019. viii, 91. 999. 999.
079. 11, 990. 909, 1, 19. 991. 971,
998. 9.1,1. 19. 11,9.19. 11,9. 09.
111, 109, 111. 11, 9. 90. 1,.1. 191.
1, 9. 198, A. 1, 199. 999. 110. 999

01111117.1,8

019101 S. 1, 9.90

0191117181

Ordo Τ. 1, 199, 977. 11, 990. 11, 119.
999, 11,99.911.980.999. 11, 999
S. 1, 0. 19, 97, 11,1.19. 11,1. 99.
11,9. 117, 1,1.07. A. 1, 81

011 T. i, 108, 188. 919. 999. 988, 11,
81. 199. 991, 111, 91. 109, 199. 111,
999, 017. 11, 191. 997, 997. 7071
711, 799

0111117, 111, 911

0111111171, 179 ’

013117.·· 11, 909. 11, 091. 789. 1111987.
11198111,789.9.1,.9,1,91
999. 11, 199

0117, 1, 919

orichalca T. 1, 000

0111119,11,9,191

00119183011, 109

0113101Τῦ 1, 990. 11, 919, 111, 919, 189.
11, 19. 998. 799, 111, 991, 1111, 998,
91011, 999

0113,071,,080 11,191, 11,7,99 11,
011, 9,1,1,.09117.199. 11,.909.
1,.199.19191190

011017,’· 11197 11, 819 8,,..·1119 111,

Ο110117,11,191

01101117.111,990 “

0111Τ.1,91·9,11,798,11,999, 111,
989 990 1111,.1 91911891. 11,
110, 9.1,9,911. 11,.7119.111,,,997
ι1ι999111911,9,979,11,1,

90911, 907
0111019, 11, 1. 9 ·
0111111117,1,919
01110119, .,11 9, 97
0101117,.111,970. S.' 11, 8. 98
011117.111,,999 9111111· ·
011111Τ.111,197 ·» - ‘⁹
0111110117.11, 900
0111111173 11, 999. 998· 111, 979
01117, 11, 101. A.i‚ 119
0111117. 111, 919
01111017, 111, 119, 907
01007,11, 991, 1,.19 11, 999
01101Τ,1,919,9.11,7.11

· 010111,170,809.111997999 1111,

99. 999, 1,997. 199, 901. 709, 11,
991717. 1119119991. m 091
11,1.99 111,.,,1109119.·99· ’

010111119311, 7.10 ’ ’··

0100111919. 90 ”

οφ0117,1,199. 9,,1 910

0100101911,7.10.911 ’ ’

01001117, 1,911911,7.99. 'AST-
1, 9, 01 =

01117.11,190.191.111,87.1,99,11,
998, 111,,199 917. 1199 900 11,
1111111919 9,1’,1·,..’9099 11,1.
111,111,.119.11,7,99,1,9..101
1,,997 ··

0111191190

0110111, 999 ·

0110191, 191, 111, 919101. 1111, 917.
111909 ’ -

01117. 1, 901

01117.1,11’1 ⁴

01107.1,901.11,.911 9.1,.,9108

' 191791191111991919

90. A.'.. 177

01111118· 1, 9, 71

0110171, 999. 901. 111, 99109. 991.
11,991.1,.191,.,90998911,.099
1119919911,179.918.11,.9.
19,11,,.791111,9.99.111,9.17.11,·
0.οΙ,1,.,1811,,9110,1,9.79

01133119, 1,9, 991

ortygiam· 11, 799

011331,1117 1, 999

0131111117, 111, 990 ’

017. 11, 981

0119901119, 11, 9. 90

0110117311, 991. 911. 1111191707.
711,11,90.97,1,991. 111, 191.
991. 11,990. 1,99. 11197. 910, 118.
111οΗ707909. 9.1,..100 1,,990.
908.11,1,1901179.111,1.179,
111, 9..97 1119177. 1119. 91. 1,
989. 11,1,.979 989· 11, 111

0111111111.1101111111,
909.Α.1,191.990

 

