11 smnus.

7181811 Τ. 111,-888. 1118. 11188

71111111 Τ. 111889

Veto T. 111, 98

9118111118

vetuit T· 818381 ss 8181121 161881
sits. 182

71113192. ἰ, 189. vii, 218. 288. 8. 1, 8·

71111ἰ1187ἑ7. 11, 82. 1881. 8. i, 8. 89.
11, .

71111111 Τ. ,1, 888. S. iv, 8. 29

ψωωὴ18111ω

Vetusto T. 11, 888

7111111111Τ.111,812 -

vexantem T. 1, 812. 8. 1, 8. 117

711111 8. 1, 2. 87

7111111 T. 11, 898. 111, 818. 822. viii.
288. 111, 899. 818. 817. 788. 8. 11,
2. 88. 1. 1.99.118

Vesit T. 1, 888

71108. 11, 1. 27

71 Τ. 11, 288. A. 1, 882

711 T. 11, 898- 888. 888. 11, 882. viii,
827. 11, 787. 1889. 11188. 111,
181118111111
8257178187· m· 1⁰²· 7, 81881 A· 8,

vin T. 1, 827. 888. 11, 899. 1119. 898.

, 1, 718. 11, 28498. 1111888. imm.
&56¹⁸ douo· ‘fijan-sm· soii.
8. 88. 11,8.118.Α.11888

711111Τ.111, 198. 1,199. 11,888. 111,
888. 1111889. 1, 888. 11,891. 811.
¹127. 8. 111, 8. 298. 11,8. 182. 1,1.

71121118. 11818. 1118182. 11, 9.

7111 T. 1198. 878888. 11, 8. 818888.
878. 11181. 1. 9. 11,888. 11, 887.
111, 118. 188. 288. 878. 872. 8. 11, 8.
78. 117. 89. iii, 8. 22. 11, 8. 29.“11,
8. 8. 1, 1. 288

711111Τ. ii, 811. 811, 8. 88

7111118118. 1, 888

7181111 Τ. 111, 289

7181811111 8. 1, 1. 188

vibrantibus T. 11, 228

71811118 8. 1, 2. 192

vibat T· 7, 88871 ¹, ω

7181111 Α. 1, 898

71811111 T. 11, 879

71811111 Δ. 1, 818 ’

11111111. 1111. 111111· ⁵¹.
888. 8111111111. iii. 8. 89
Vicem Τ. 1 178. 829. ii, 189. 111. 898.

κηὼ1ω81ω11
71111118111199
711111 Τ. 11, 878. 111, 888. 111, 888

ccxxxvii·

1111111111. icccc 11111118.

“ 1111, 897. 1178. 118. 788. 1189.

11111111. 111111. 11111.
1112ᾰῖ28. 11, 8. 89. 1, 1. 79. 99. Α.

Vicibus T. 1111828. 111, 87. 888.. 8. 11, -

Vicina T. 11, 819. 882. vii. 587· 81. 189·
s. 8, l· 871 i, 3198. 87,81 ns inq·
29. Α. 11, 289. 818

Vicinae T. iv, 986

Vicini T. 1, 888

Vicino Τ.“11, 779. xii. 897. 8. 1, 8. 88.
112. 198. A. 1218 ,

Vicinus T. vi, 888 Ι

Vicissc T. 11, 829. viii. 258. 818. 11,

‚ccsmcwassan

Vicissim T. 1, 177. ii, 899. 111, 891. 11,

‚wmffimff

Vicit T. 111, 199. 111888. 1111, 827. 11,
292. 111, 888. 819

Victa T. 1, 889. 880. 111, 788. 11, 897.
1, 191. 11899. 111, 89. 889. 8. ι, 2.
282. 11, 2. 82. 11, 818. 111, 8. 88. Δ.
1, 878 .

Victum T. 11, 888. 1, 918

Victus A. ii, 888

7111811128

Victi T. 11782. 111, 897. 882

Victima 8. 11, 7. 17

719118Τ.7111898. inum {mmo ss
iii, 8. 88. 188

Victo T. 111, 818. 11, 888. 1111, 128

Victor Τ. 11, 828. 889. 888. 11, 288. 888.
sffimffifflmcmm.
1, 889. xi, 8. 288. 888. 11181888.
788. S. 11, 8. 88. 11,”8. 88

vmoem T· 78, 8681888. 18, ⁶25. XT,
188. 111, 882. 8.1,8.189

Victores Τ. 111, 888. 1, 21

νωῇπωώωο,

71118111Τ.11,881. 1, 878. 11. 898.
881988. 1, 818. 1118. 8.1,8.188

Victoribus T. 11,·828. 111181888. 11,

· 888. xi, 889

18118111 Τ. 11, 892 ’

711181111881. si, 888. 111, 789. 8.
11, 1. 98. 1, 8. 188

7111111118. v, 8. 189

Victricis 8. 111, 8. 181

Victrix T. 11, 887. Δ. 1, 88

Victum T. 11, 822. 11718. 1111, 88.,
ffiffimsmw

Victurus. 11, 8. 88. 1, 1. 177

1111811111 .

Victus T. 11879. 11899. 11, 898. 1,
892.111882.8.118.11

Vide T. 111898

 

