114 8ΤΑΤΙ1114. V

Admisere 81, 0 911
001111111οΪ 11, 414

1111111111, 0. 04

0011111011. 111190
110111111111
0011111108.νί 9. 94
0011111111οΆ 11, 400
001111111811.100
0011111111Τ. 111498

0011111110. 1, 009
0111111111.1,111
01111111οΤ.111,080 ,
0011111111Τ.’· 11, 04

00111111οΤ. 11, 090 ,
000111111011, 1189
0011111111Τ.·11,400. 111, 018. 400
0011111118. 1,9. 11 .
00111011Τ.11,000. 1, 911. Α. 1, 908.
0111110111Τ. 1111, 401

0011111101 10

0011111118. 1, 9. 104. 0.· 1, 400
0041111011,ηο11 11101. 811110.

1 040
0011011181,1.110. 111111
001111111811, 0. 00. 11, 8. 01
011110111Τ.·11,000. 1,108. 1111, 90.
010. 111010. 0.· 1, 190. 008. 040

00111ο111Τ. 11, 000

801111111811, 4. 04

00111111Τ.· 1, 014
0001111111Τ.11004

0000111110· 11, 400
000111111Τ.111,000
000110111811, 0. 00

Adon'l'. 111811

01111110.1,·1.14

0001111. 11, 009. 1111, 984. 8. 11, 8. 00
0001111101, 004. 811, 0.0
00011111 Τ. 11004

Ademtum Τ. 1, 100
0011111118.111,9. 110
0111111111111

0111111131 1. 100

AdomviTTT· 1111, 101

01011111Τ.Ι 11, 000
01101111.1,11.1.1,.111

Adone· A. 11, 100
AdortumT. 111040
0011111118· 1, 1. 09
0111101Τᾶ11, 411
001111111101400011, 04. 110. x,

01. 11, 100111, 090 018

wmstmffimmm
111111. ..11 1111. 1111. 11, 11
mmfflnmfflmm.
mmmwmwmmoe

00111 8. 111, 9. 81 · ·

00111118. 1, 0. 1. 11, 8. 01. 1, 9. 104

001111Τ.1,110. 8. 11, 1. 190

Adiit Τ. TV, “Tu s· V, 11 2001 V, ⁶· ²¹0
.11,00

’ 1111111. ..1111

Adsunt T. 1,118. 11, 900
Admotis 8. 111, 0.11
Advectos Τ. 1009
0011011111Τ. 1, 180
1111.11.1.·1.111
1111111111111.1111111111111.
811,0.0.1,...9000110
0011111111Τ311, 11
001111111Τ. 1, 010. 1, 41
00111111) T. 1, 044
Advenisse Τ. 11, 909. 1, 009
0111111111.1,011
0011111011 Τ. 1111, 0
Adventum· Τ. 1111, 010
1111111111. 1111, 001. 11, 80
001111111111 Τ. 1, 040
001111110οωΤ. 11,οω
0011111111οΤ. 111, 08 ’
0011111111αΤ.’1,001.1,000. 11009
0111111111.111,111
0011101111Τ.11,080
0011111111Τῦ 11, 119

’ AdvmereT. 11, 900

0011111011, 091. 1,.10100. 111, 084.
111.111.1111,11111.11.11..,1

1111111111.. 8. 11, 001. A. i. 001

1011111100.1,4.11

00111111 Τ.111, 180

0011111111Τ.1111,008 .

00111111 T. 11, 010. 111, 110

00111111 Τ. 11, 011. 1, 101. x. 901 .-

001111οΤ.1,400. 111091. 1100101.
041.11,.040 11140. 1111, 008. 001.
11981. An 181

4111111111.. 000. 1111, 401. 11, 000.
1, 400. 000

Αο111111111Τ.11,080. 111, 40. 001. 11,
008. 8. 11, 0. 90

· 0011111111. 11, 100

001011Τ.111,094.11,104.0.11,000 ⁶

0011111111.1,40
0111111111.1,80.11108. 111908. 8.

AdmtidTT. xii, 018

Δᾱηεω11111111.11,111. 111081. 11, 0. 91
1111111 0011101111· 1, 001. 8101011190

0011111110110001100. 11, 104 1101111111οι1. 1, 101
0011111111. 1, 044. 091. 001. 004. 081. 0011111111οΤ.11, 004

 

