lxii . 110111

1. 100. 804. 11. 810. 808

11111111 T. ii, 410. 080. 748. 11, 488.
007. ν, 080. 111, 84. 800. 111180.
11, 481. 1, 840. 118Μ. 111087. 8.
1, 21⁰8. 1, 4. 100. A. 1, 00. 11, 08.

Dixere T. 1, 011

11111111 T. 1111, 478

Dixerit S. 1, 1. 888

1111010 8. 11, 0. 40

vixerunt T. 1188. 111800

11111 Τ. 111, 871. 818810

1111111101. 11480. 8. 11188. 111, 0.
100. v, 8. 800. ,111881

111111 Τ. 11, 180. 111808. 700. 11, 008.
700. v. 180. 11, 884. 888. 11, 008.
011. 1111111111. 11110. xii,
104. 887. 040. 008. 8117. 41. A.
1, 01848

Doce T. 11, 001. S. 1, 8. 40. A. 1, 804

1101011 T. 1111880

Doceat T. 1, 181

11001011 T. 11, 888. A. ii, 880

11001011 S. ii, 0. 100

Docebo T. 11, 788

11010111 Τ. 111111

nocent T. 111488. 1, 08

11011011 Τ. 111800

Doce· T. 1111108

Docet T. 1, 440. 11188. 11844. 111,
mm. 11417. 780. x, 001. 111,
470. A.i, 881. 11484

11001111 S. 11, 8. 08. 1110. 80. 1,1.1

110111 S. 11. 178. 1, 8.108. 118. 108.
1, 8108

011111. 11, 817. S. 11, 4. 18111, 8. 801

Doctum S. ii, 8. 110. ii, 7. 88

1101111 Τ. 11, 188

Docte ’11808

110011 T. 11, 878. S. 1, 8. 00. 11, 7. 18. 70.
11, 0. 44. 1, 8. 78. ον, 8. 88. A. 1,

Doctior T. 11, 700

11001118. 18. 800

110010 T. 11, 080. 11, 401. S. 11, 8. 07.
1111111110

1100101 S. 11, 7. 40

0011111111. 1, 788. 8. v. 0. 07

11011117. i, 700. 11008. vii. 707. S.
1, 1. 101. ..1111

Documento T. 1111100. 11007. 111,
080. 8.1,1.40

11011001 T. 111, 100

11011111 Τ. 111707

11011011 S. 111, 0. 88

1101εο11 A. 101

1111111111. 111. 800

1101111018. 1, 0. 01

1101011110 Τ. 1, 888

0111111. 11, 870. 11044. 8. 1, 0. 47

11011111Τ. 11818. 1180. 1,888. 11,
088. 111071

1101101110 S. 11, 1. 108

1101111101 Τ. 11, 70. x. 181

11011011 Τ. 111, 817. 8. ν, 1. 0. 1, 8. 71

1101111111 Τ. 111708

Doleo· 8. 111, 1. 48

1111111111, 708, 1, 801. 111, 180. 8.

01111111111111111, 1111101

110111 Τ. 11408. A. 1, 087. 11800

Dolo T. iii, 808. 1, 848. 800

· 11010011 Α,11, 108

110101 T. i, 77. 11, 888. 810. 084. 111,
888. 808. 1, 00. 840. 880. 070. 008.
11870. 111010. viii, 100. 810. 11,
80. 718. 1, 11. 007. 11. 140. 888.
010. 111, 88. 810. 818. S. ii. 0. 18.
11, 7. 184. 1118. 80. 1,1.810. 18.
804. A. 1, 48

Dolore T. iii. 108. 1,000

Dolorem T. 1, 840. 11888. 111070.
11, 88. 170. 11, 048. 884. 11, 008. 088.
S. 11, 1. 11. 11, 101. 11101111.

1111111111 11, 111. 11, 111. x, 111. ε.
11110. 11111. 11111. 11.
80. A. 1, 807

1101011 Τ. 1, 881. 111, 88. 111, 810. 111,
80. 8.11.8.08.1,1.10. nm

1101011001 T. 111, 100

11010111 Τ. 1, 104. 111, 88. 000. 808. 8.
1111. 88. 1, 0. 08 “

1101011101 T. 1,118. 111847. 811, 0.

110101 Τ. 111841. A. 1, 080. 11178.

1101011Τ. 111100

1101011111 A. 11100

110101118. 11, 7. 184

1101010 8. i. 8. 848. 1. 080

Dolum T. 11014. 1, 400. 111, 188

1101111 Τ. 11, 081

1101111811, 1. 10

1101011111 Τ. 1, 888

1101111111 Τ. 11, 188. 848. 111, 888. 8.
111111. 11111

Domui T. 11, 880

011111110111, 111. 11, 1. 110. ’

1111. 108
11001118. 118. 81. A. 1, 888

11010111118881884. 11808. 111, ¹
081. 1111800. 11, 780. x, 480. 11,
880. 470. 8. 1, 8. 84. 11, 1. 108. 111,
108. 11, 4. 78. 11, 0. 00. 1, 8. 141.

A. 1, 400
1101010111 Τ. 1, 180. xi, 880
Domina S. 11, 8. 8

 

