111 111111

Amphitryoniaden T. 1, 100. 1,101. 1111, 111111 Τ. 11, 007. 110, 010. 11, 01. 01.
000. 11, 17. 111111. 1.1, 100 111, 000. 1.1, 011000. 100
1111111111οο1,1.100 111111 0. 111, 1.00
1111111 T. 111, 101. 000. 11, 001. 000. 111111111111. 11, 100. 1,00
· 1100001101 Aufeiam-Tamti?
1111111111 Τ. 1, 000. 0111, 0. 00 1111111111 Τ. 1,011. 11, 000
1111111111 T. 1, 100. 1, 000. 11, 701. 111111111011,1.101
0.1,1.101. A. 1, 001 1111111110111,0.110
1111111111 Τ.1,100. 11000. 111000. 1, 111111. 1, 000. 11100. 1,000. 000.
000. 1111, 000. 11, 110. 070. 1,007. 707. 11,07.100.000.000. 111, Μ.
0. iffi, 0. 00. 1, 1. 07 1, 010. 000. 0.1,0.100. 11,1.1110
Amplexa T. vi, 110. 1, 070. 700 11111111 Τ. 11, 007. A. 1, 100
Δ111Ρ1001Τ10117ω ΔΕΜ T· i, “t μ’. 0010001 s· ἢ. ιο
1111111ιί011 Τ. 111, 100. 11, 000 100. 111, 1. 00. 1, 1. 001
111111111Τ.1,000 11111111 T. 1, 100. 1, 10
1111111111 Τ. 11, 001. 111, 001. 11, 01. 1, 1111111111 T. 11, 000. A. 1, 000
70. 100. 010. 11, 000. 111, 000. 11, 1111111111ῑῖ. 11, 000
071. 000. 111, 100. 000. 0. 1, 0. 00. 11111111 Τ. 111, 000
11.111,1.111.1.1.111 mmmm
1111111111 T. 1, 001. 11111 Augusti T. 1,107. 0111. 10
1111111111 T. 1, 00. 111011. 01,1.11. 11111011. 11,700. 0. 1, 0. 10
07. 11, 1. 01. 11, 0. 00. 111, 0. 07. 11, 1111111011,7.00.111,1.10
111. ..1.11. 11111111 1111111111. xi, 111. 1. 111. 11
11111111ιί111 Τ. 11, 001 111111111Τ.11,0. 11, 710. 0. 111, 0.
1111111117. 1, 007. 11, 070. 111, 070. 11, 00. A. i, 00
100000. 1111, 001. 11900 An 1111 T. 11, 000
111111111Τ.11,000. 1, 010 11 11111111000. 11, 001. viii, „²⁰²-
1111111 T. 11, 000. 11, 700. 111111 11, 700. 0. 111, 0. 01. A. 1, 000
1111111011, 1. 111 1111110111 Τ. 111, 00
1111111111 Τ. 11, 000. 11, 000 1111111111 Τ. 11, 000. 111, 010
11111111011000 1101111111 T. 11, 070. 11, 17. 0. 111, 0.
1111111111 Τ. 1, 000. 0. 1, 0. 010 00
1111111111Τ.111,110. 111. 110. 11, 11111111111Τ.1ι1,00.100. 11, 000. 0.
000 ,1111111
11111111 Τ. 111, 100. 1. i. 01 111111111111Τ.111, 170
11111110. 1, 0. 100. A. 11, 100 11111111 Τ. 111, 000
Amymone Τ. 11, 000 11111111 Τ. 11, 170. 1, 010. 11,101. 1,
1111111111.11,700 000. 11, 011. 010. 11111. 111, l.
11111111 Τ. 1111, 110 100. 1,0. 170
11111117. 1111, 100 11111111 Τ. 11, 7. A. 1, 000
1111111111 Τ. 1, 010 11111110. 111. 0. 100
Amythaone T. iii. 100 11111111 Τ. 111. 000. 1.11, 10
111101111111Τ. 111, 001 1111111111.11,700.11,000.1,000
111111111Τ.1,100 Δ.1.1.1.1.1111.,111.111 1,100.
111111Τ.11,170. 11, 000. 11, 100. S. 100. 111, 011. 01, 0. 000. 11, 0. 00.
v, 1,011 ,1.100
·111111111Τ.11,00. 111, 110 11111111 Τ. 1, 07. 111, 100
Ancipiti Τ. 111, 0. 11, 117. 1, 000 1111111111 Τ. 11, 70
Ancipiti· Τ. 1, 000 11111111 Τ. 1111, 000
1111111111Τ,111, 007 111110.1,0.00.1,0.00
11111111Τ.11,00.1,000 1111110.11,1. 17
Augen· T. 11, 070 Aniene 0. 1, 0. 0
11111111 Τ. 1, 000 Auienus 8. i, 0. 70
Angeia T· 11 0011 171828 1001110οΤ. VTT, ⁴²⁹⁰ 11, “⁰
11111Τ.11,010 11111111 ii, 000. 111000. 700
1111111Τ. 111, 10. 1, 010. S. ii, 0. 01 Anima Τ. 1, 011. 010. 1100. 111, 70. 90,
1111111111 000. 11, 001. 700. 1, 001. 111, 171,
1111111111. 1111. 111111 111,1111.,111.111111 ιῑ. 111.

11111117.111,100 111, 100. 000. S. i, 1. 07. 110100.

 

