1111111111. ” mu

1111111111Τὶ· 11, 00. 111001 010. 111, 107 001. 1111110. 11, 011.
1111Τ.1,000..000 11,000..001 111, 1,..100000111,070..,01110.00.11
111111.111...111....111.ι 1111111111111111111
011. 010. 1, 100-000. 11,011.111,1111
000400.οι00010000011,1.1111111101,Ιο
107.11,0.00.111,..1100 01,0.01..11111Τ1100011100711,1.00111,
111.0.10. 10. 1. 0. 077 1000.ι,1.11.ι10..1.1ι,11
111111Τ.,.1101 0.11, 000 1111111.. 000000 1,.010 1,.00
1111111101,οΜ 100.0.,.1000
1111111... 000. 710. 011, 000. 1, 1111111103· 111, 1. 00
1.100 11111111011,1.10
1111101111111114111111, 1111111Τ.11,000.1,100.1,701.011,
010.1,01,111,000 0...000.1,1.100
1111111110· 111, 0. 00 111110.1, 10
1....,11111111110111111 1111111Τ.11,07
1111111101, 0 070 suunt· 11, 710, 111, 000
1111110.111,0...00.1,101 .1.1,070 111111101100007 111000
1111111Τ.1,00.11,100.000. 111,000. 11111110· 1,.100 1100111, 000. 11, 001.
071. 11, 700. 1, 1111001101. 000. 111,10. 1,.000 1100011100.οι
11,100..000111,..001101111,80. 1101011110100011100001.
000100. 000. 1. 070. 000. 11000. 000
111,..07001 0.1,0.100.1,..0001, 111111Τ.11,000. 11,..ἱῦ0000 111,10.
000.111,1..101111,0..1011,1. 110010001101011100000.0. .
07.,,.110.Η1000100000 111ωο70111ψο1001110
111111, 000001 11000111,Μο 11111Τ. ι, 001. 11, 070. 111, 710. 111,
0000000011. 1, 007. 11, 100. 700. 000
1111, 00. 00. 11,100.000.1101.000. 001011Τ. 111, 710. 011001
701.111,.0000,1,.0.001,0.10.10111Τ.,171
17 01 11, 1. 00. 111, 0. 00.111,0.100, 111.1.“..,111.·1,111111.111111.
110001100017010100 0.11.,01010.00
1, 0. 100.ι1.1,.00 001. 000. 11000 1111111111Τ.1,.000 1111070
1111111110 111, 100 111111111Τ.·ἰι,000. 1,000. 01 0.00
11111010· ι, 001 1111111110. 11, 000
1111111111 Τ.1111,100 111111.1·.“1,111.11.011.Α.1,101
1Μ10.,ι.000 111.1..,111..1,111.111,111.ιι,
11111. .,111. 1 1., 1. 11 111
1111101,0.170 111111Τ. 1,110. 11, 000. 111, 770
Jumm'rm 018 1111111Τ.11,.000 0.,,1007
11111011,Βο 1111111110. 11, 0. 00

1111110.11,101.11100 111100. 0. 1111110110.οι
1, 0. 70. 11100. mm! 1100119111, 010. 0111, 1. 110. 1, 0.

Jumurm, 000 100
11111111. 111, 007. 111, 00. 0.111,0. 1111111111Τ. 11, 000
11 1111111.ι,111.11,111

1111111110111, 000 1111111111, 107 .
1111111Τ.· 11, 000 111111Τ.1.010.701.11,100.111000.

11111ιο111,..,1180110.10οΑ.11,110 11,00.077.1,10.11,0.1000 111,
1111Τ110οιιο0001170 000.111110011100000.100
1111111.1,114.1ἰ,.010110.11.01.ιί,.0..7017710111,.110011.710.
1,οὓ.11,000.111,000.0.111,0.07 011100110001,00000.
11,0.00 11μ.10011,0.00.11,0.ἥ.11,0.
111111Τ.1,100 ’ 100.11,..,0010.00..Δὶ1,000

1111Τ.1,..000000 11,001.111,100.111111Τ.1,000
000011,Μο 1111111111, 000. 111, MA. 11, 001

,1111111111111111111111 111.1ω1.·ι,111.1,111.111111.0.

100711010111000000110 11,0.01
17.11,0.0.1 1,1. 110 1111111111111

111111Τ.1,.011 000. 11070 000 111,.111111111Τ.1ιιιο00 111, 100
00.111.000.070.700.11,000.11,1111111Τ31,101.11,.010000.11,100.

 

