14119 ’ 11111

1111118. 11, 1. 184 “ Terror T. 111, 187. 549. 11788. 11, 742.
Temoctem T. 111, 801 1, 980. 111, 478
14114’1“,1,201.977. 111, 194. 218. 11, 1111111111584, 11589. 1111741. 11.

144. 488. 444. 808. 1, 59489419. 107. xi, 197

985. 11, 970. 708. 874. 904. A, 594. 1411411911 T. 11, 409. 1111, 152·

815. 1111189158. 199. 889. 442. ’11111418114101

11, 801. 478. 525. 1898111844.141111111.11,291.8.1,.451

720. 8.1,1. 98. 118. 59 74 1111 11111181 4.44

90.09.111,..851 111, 518. rr 5 111111Τ.1111145. 8118108

21. 11, 7. 17. 11, ’8. 8. A. 1, 499 1111111111.11,181.1111,898.158
1111411.“ 1, 81. 490. 587. 11, 880. 111, 1411114111. 111, 48

488. 519. 11, 508. 450. 1,.800 492. 11111111. 111, 287. 1,17

11, 105. 859. 111, 755. 704. 809 141448. iv, 5. 15
1111111111“.1,974.1,171. 11984. 1111 1111481844

419. 11, 519 1141414111.11,127.11,178
11111111111, 179. 214. 299 498. 111, 14114141, 489

489. 11891. 11145.1,.00 11, 78. 11141111. v 888

111942. 8111480. 11,2.14.11.1,11111111.“111499

48 TerteT. 1111 954. 1, 484. 8. 11 8. 70.
TomnT.i, 15911, 24. 111, 28. 808. 1, 8. 227. 1111489

818. 11, 84. 857. 111, 88 741. 1111, 1114418111, 1. 75

51811, 485. 542. 1118. 988 758. 11111511181, 549

741 ⁸ 11119111, 155. 111547. 812. 88.
14111118.“111,1.112 1115149
1111111111. x, 1111 1111111841, 144
1111111118.1 11, 1. 180 11115113 111, ιιι’48 247. 457. 489. 11, 401.
’1’.’“1111111111,404.1,887.987. 811 1, 455. 1111, 100. 814114

94. A. 1245 · 11114411411, 809. 480. 811817,
14111111.111958 11,4.11.111,1.101.1,8.98
1111111114.Ι 11, 85 1111114111111, 144
1111411111, 900 1181011311, 588. A.i, 49. 841
‘ram 8. 1, 1. 44 TethynA. 11, 11
1111411111. 11, 229. 111888 11111]1Τ.” 111. 84. Α.” 1, m
1111191141.11,589 1441314148.“11,8.89
14π1911111111.1487. 111121. 81118. 11113111. 11, 151. 8.“ 11, 4. 80. 111, 8.

72 125. 1,8. 145
14111111141Τ.1,488.1,754 111111.”11,074.1,477. 8.,1 8.175
Terribili T. ii, 514 11111411. 11, 915. 8. 1, 8. 158
1114911111. iii, 889. 111, 204. 1111, 575 Teucris 8111, 5. 77. A. i, 475
1111111411 T. A, 407 Teucro· 8. 11, 4. 8. 1, 8. 140. 1, 5. m.
1411194111. 111978 A. 1, 84. 11259
1111111111. 111, 967 1111111111 484
1111141111. 111284. 1, 170 1111111111 T. 11, 745
Terrifico S. 1, 8. 97 'rexi T. viii, 299
1111191411. 11, 854 1111111 8. 111, 1. 08
1111111141. 1, 509 11111 T. 111511
1151311411, 411. 444 1411411111, 185. 11, 498. 111, 1. 88
1411111111111.1,548.710.115941,111111.1,854.111814.8.111.182

448 1411111111.” 111, 411. 11899. 111952. 1, 59
1141311111ιί, 478. 1111408 1411111811, 5. 58
141111Τῇ1, 110. 845. 11, 590 488. 111, 11111111ιί1.1, 240. 59811, 444. 111, 158.

449. 487. 11, 92. 259. r, 851. 11, 11, 184. v, 115. 498. 111, 298. 1111,

811. 887. 111, 159. 208. ι, 955. 979. 908. 9111111111

778 1911111111. 1, 479. 558. 908. 11, 254
Τ.1111.Τ.11,141.111.411 111, 958. 11. 829. 750. 758. v. 88. 91.
111111111.11,811.550.11158811, 840. 111, 899. 41111. Si, 2. 5.

w.A,AmmA 14ω4414ω44

1411141111.1·, 555. 11, 814. 11, 545 141808 ·

 

