1111111811.

1118181188

vm TO ix, ,δ’ “

vitm 8. 1, 8. 88

Vitrea 8. 1, 8. 78

Furnius. 1,8. 74. 111, 8. 18

81111118. 11,9.49. Α.1,98

9111111111·8.1,8.18. 111819

9111ο8.1’.8149

1111111181. 1111, 89. 1, 848. Α. 1,

Tuto Τ. 1, 888. 1111, 877

9111111111. 11, 180. 11. 11 -

vitm Τ. 11, 788. 111888. 111, 788. 1,
198898. 111488. 8. 11,7.9. 11, 4.
99.ί1.8. 98. 8.1,811

VTTATITlflTio 111, m· 81181, 81 'a 17, 8. 11

7111111111. 111119

vinoun Τ. vii. 1811

vitum· T. 1111, 178. 8. 1, 8. 89

111181. 11”1,487. 11, 889. 1111, 197. 11,
ε43111111, 88. 8. 1, 9. 948. Δ.1, 11.

11111. 111, 844. 8. i. 8. 48

vim Seii, ⁸⁴ 81

11111111. 111, 48. 8. 11, 8. 98

1111118. 11, 889

811111 8. iii, 9. 114

Vive Τ. 11, 898. 894. xii, 818. 8. 11, 8.

, 191. 11. 8. 48

19111118 Τ. 11, 874. 8. 11, 1. 9

Timum 8. 1111. 98

11111111. 1111, 987. 111414188181.
111, 8. 78. iv. 7. 88

11111111 Τ. 111, 884

11.1.1.11,11.1111.ἰ1,111. viii. ¹⁹⁹·
848. 11, 888. 8. 11, 1. 184. 989

111111. 11, 189. 1, 887. 8. 1, 8. 88. 11,

write 8. 11, 9. 148

111111 T. 1,118..’147. v, 189. 11. 899·
1111, 89. 789

vim 8. 1, 8. 889. 1, 8. 89

11111111. ix, 111

Vivant T. 111, 441. 8. i, 9. 188

Vim· s. T, lu ⁴⁸

11111111 T. 18, 789

vixisse Τ. 11, 418

ultime Τ. 111, 788

11Ιοί1811111 T. 111, 998

9111111111. 1111, 88. ix, 918. 1, 918

81111111. 11111111 1, 198

11118 To 788, 58.

uuum Τ. 11, 478

. 91181. 1. 111. 111111. 1.,111. 111,

υιξῇῑὲὲπ. 111. ’1,111. 11, 1111.
111711. 11 11111...

'0de1⁶ .

111111 Τ. 11, 479. 998. 8. 1,1. 188. Α.

11111112 111, 111. xj. 111 ,

111ΙοΤ. 1111, 181. 11,894. 8. 111, 4. 79

111181. 1, 881. 11, 891

1111111111. 1, 889. 8. 111, 4. 98. 1, 878

unu· Τ. 11, 897

11111111 Τ. 11. 419. 8. 11, 8.88

Ulmum Τ. 11, 888

1111111111. 188. vili. 848. 848. 8.1, 1.

1111111 Τ. 11, 879

11111111 Τ. 11, 888

1111111 T. 1, 818. 111, 419

11111118.11,1.88. 111, 1. 99. 1,1.178.
1, &2⁶6- Α. 1, 178

81111. 1, 199

11110 T· TV, ⁶¹,

Ulterior T. 1, 897

ulteriore T. 1111, 18ι

9111118111 Τ. 1, 811

1111111111 Τ. 11, 989. 811, 8. 48

1111111111 Τ. 111, 884. xii, 417. 8. 1,1. 187

1111111111 Τ. 11, 879. 849. 11, 888. Si 1,

818.1.18,1111.1.1,1.11

1Ὶ1111Τ. 1, 188. 874. 111, 817. 1111, 894.

· 11, 844. 888. 1, 948. 8.1,8.988. Δ.
11, 87

Ultorem Τ.1 941. 8.1ἰ,9. 118

mmm 1. ..11, 111. 111111

ultricem Τ. 11, 888. 898

1111111111. 11, 971. 11. 198. 111, 779

1111111111 T. 1, 117. x. 88. 911

1111111111 Τ. 1, 897. 11, 4

1111111 Τ. 1, 719. 11, 889. 1111, 788. Α.
1, 897

111111111Τ.11,9

uuus Τ. 111, 988

ululant 8. 111, 1. 78

ululante Τ. 1, 799

multatibus 8. 11, 8. 49·

8111111. 11, 178

1111111181898. 111188. 11781. x,
887. 8. i. 8. 88

mantibus T. 11, 999. 1, 897. 11, 187.
{T 488. 877. 11, 878. 484. 111, 874.

1, 8. 71 ,

ululatum Τ. 11, 894. vii. 191

1111111111 Τ. 1, 884. 11, 178

1111111111 Τ. vii, 411

111ζ111111Τ. 11718. 8. 11, 8. 4. Δ. 194.

1111181111, 1. 111. 11,.. 11. 1,1.
148. Δ. 1, 479. 848. Α. 11, 89. 88. 87.
118. 199. 887. 998. 871

111111118. 11, 1. 118. 11, 8. 87. 11, 7. 49

1111ὴί111118. 11, 9. 8

. 1111111117.11,871. 11, 889. 111, 18. 1111.
11881111.

917

 

