111 11111111. xlix

01111111101211).1110800880,01111117.1,810.111,.817 8.11, 8. 83.
680.1,,818.11,716.111,800.1111,1,8..181 8.1,816
887.1,880. 11810. 811. 60. 68. 0110060110 11, 886. A. 11, 180
18681, 6. 88. 88. 11, 8. 78. 111,1. 00111111110111, 710
6. 11, 8. 80 0011111111οΤ. 1, 680. 8.“ 1. 8. 68
0111111110· 11, 88 887. 870. 1, 886. 11, 011111111111110·Ι 11186. 111, 881. 11, 808.
108.,..1088688.111,1.70 8.1,.611
01101116110· 1, 810. 8.11,7. 60 011111111101118881111
01100181118. 188 0111111110· 11, 180
011111Τ.·,1600.1,67. 11, 188. S. 18. 01111111111731, 816
88. 1, 6.10.·11, 8. 81. 1. 6. 7 0111111111Τ.1,678
01111)οΤ.118881,868. 81860 0111111111Τ.,1811.“ 11881
11, 6. 01. 01668· 11, 278 0...1..1.1.11,111
0111111110· 11, 017. 8.111, 8. 88 0111111110 111, 800. 1168811876. 8.
0111111,11Τ11,8 11888118011877111,86
0111011111 Τ.·· 111, 718 11, 120
01111110· 111, 10 0111111110 1,88.11, 87. 186. 11, 887.
culpa. 111111 A. ..111 ·
0111111111 Τ. 111, 708 concutio T. 118, 018
0111111111 A. 1, 88 0111111111 Τ. 11170
01111101 Τ. 111, 870 0111111111··8,07.11,00.11,807. 11,
0111110 1161. 111, 108. 111, 8. 08 1, 686. 1111, 161. 11, 606
1. 166 0011111110 11, 708
cultellum 8. 11, 0. 81 01111110· 111,868.111,878.886. 1111,
6111111117. 11, 808. 8. 11, l. 187 877. 880. Aia. 888. A. 1800. 11,
0111117. 111, 008. 1111, 868 808
0111111111 Τ. 1111, 868 0111111101887. 11, 176. 868. 111, 866.
001801100601068 810080. 11,10.880. 1, 81. 806.
0111101110 11068 800. 11, 860. 608. 111,01.108.168.
00111111...1.111 , 1111,11.11.111.1.11.111...11,
0111111101,178 108. 8.11,..61811, 0. 88. 1,.1 78
0111111011, 888. 111, 808 0111100 1, 208. 1, 668
01111110 11, 106. 816. 800. 1, 101. 11, 0111110101, 107. 668· 11, 808. 11, 870.
6011188880181020112. 881.1118801111,..88878.1,8..60
10001878 11886116871886811888
01111011 Τ. 11, 807 0011010111788. 1111881. 8.1,8.888
0018080 1111802. 11888. 816. 11, 00110οΤ. v, 816. 11,077
80.·108. ’111, 680. 111817. 818. 1, 0111001 Τ. viii. 678. 1780878. 8.1,
⁷⁵2 17,Μο10771 8171011286 67, ’a σου. 877, 01 8001 '¹8²⁸ ¹⁰2
81. 111, 6. 80. A. i. 801. 668. 11881 0111111110 11, 188
0011111108.11,0.88 0110111111Τ.11,660.81,1.100. 11, 6.
0110161011, 8. 118
CumnhnturT. 1, 088 cnp 11110· 1, 86
0011111111οΤ.1,688. 1186. 811887 00110110· 11, 888
0111111111Τ.·11,718.111688 0111111101, 810
610111101061010 0111111110 1, 867
0111111100· 1, 268. 11880. 11118. 777. 01111μί11110 111, 886
11, 888. 806. 8.11, 8. 168 0111111110· 11, 006
0010111010 1111, 801. 880 01111118. 11, 181
0110160110 1688. 111, 001. 11, 888. 0101611101886. 11116
1888880.8.11,1.120.Λ.188 01116118.11,8.111
01111118.·11,108.81,181.111.1116.0111817911111110.11,1111.111..190
1011811780.1181111818168.11181.111008818111211.
1, 168. 888. 708. 781, 816. 11, 808. 11, 8. 80. Ad ,808
860. 817. 607. 1111. 180. 876 81, 0111111110 1111, 88
0,.37 .18..110 110 68. 61. 176. 0101010001780. 8.1,..88611, 8.
220111, ’8.88.111,8.80..10111,.6 11
0.,1 1. w 101 0118060811, 011111111011086811788
87. 60 0111111Τ.1,862.11,680111,806

111,». ec 1... 01... 111. 11... a

 

