1111111111. ccxxix

’1111181Τί1 78881818 11,..8511,.·888
ΤιίιοοοιΑ.· 1, 55 ΤιιιιιιοιΤ.·“ ιι, 711. 1, 888. 111, 88.
Tritonia· ι1, 881. 785. 111, 88. 1111, ΤιιιιιιιιιπιΤ. 1, 888. 111, 818, 1111888
888. 781. 758 11, 87. 1885. 111, ΤιυιιιοιΤ. 1111, 871. 11, 868
887. Si, 1.87.ι1,8. 117. Α.1,188 ΤιιιιΤ, 11, 888. 111, 818. 818. 11, 788.

1188 1118. 8111188. 118881,
Τιίῑοιιὶι118,· ιι, 7. 88 588

Τ111οο11Τ. 111, 185 TrJonT.' 11, 188
Τ8111811,888,11,588,818,1,,585 Το81Τ.·ιι,881. 1,558. 1158 58111,
8111811888 ⁵22.A.i‚6.i1,261

Τ11111111Τ.11, 888 1151181511 788 11, 88..818 11, '

Triumphntoep 111, 181 888. 111, 888. 1, 781. 887. 11, 188,
TriumphiT. 1111, 858. 111, 88. 511, 818. 111, 788. S. 1111. 188
8.· 111 8118811181 Το1ι11ιιΛ. 11, 81
Τιίοιιιρ1111Τ. 111881 TubarumT. 1111, 181. 11, 888, 588
Τιὶοιιιρ1ιοΤ.’ 11, 888. 1, 588. 1, 175. Τ111111Τ,’ 11, 7111, 11, 881. 11117. 111,
111, 181. 817. 81115. 118 171 11.178.187,1111,81818888111,
TAumpbosT. 11811, 5788. 11,8. 58 1.151, 118188
iv 8. 151. 11, 1 75, 11, 8. 78 TuendoT.' 11, 818
Τιίιιι1ιρΙιιιιιιΤ, 111, 518. 111, 578. 8.1,1 'T.uensT 11, 888. 111, 11. 11888 111,
Τ1ο18111, 11878 ΤοοιιιειΤᾹ ,.117 81888
ΤιοιιοοΤ. ιι, 81 8111881811, 11888. 111718
Tth'aT'. 1518, 8,11,1, 81. A. 17, 588. ΤοιιιιοιΤῆ ι, 588. 11, 718. 1111, 781. .1,
11188877 18881188
Τιο1ιι8,1,..818811,1.117.11,1,.181 ΤιιιιίΤ.11,87. 11881. 8111577
1,8...11881,15111,88.818 inmo
TmJ'stamT ι, (ms 8.”· ιι, 1. 111 ΤοειιιιΤ.“ ιι, 118. 8 ιι 8. 88
Τιο1181Τ.1111,888. Timum 18. ΤοΙειιιιιΤ. 1818
118, A.' ιι, 881 1111111181
Τιο11111811,8..85 18188 Τ1111118,11,7..18111,18
818111 81,1.185.11,1,81.11,8, 711111186118,188,Δ.1,188
188 ΤοΙὶΤ.17,8.111517,11117.1,818.
Τιο111118.1,1.85, 118188 ’ 8,111,1.181,111,8.18. v, 8. 887.
Troilon S. 118 88 881
Τιο111181,8. 181 ΤιιΙίιιειιιΤ. 111, 581, 1111, 888
ΤιορΙιιιι 8.11,1.58 Τ11111111118.“ 1, l. 81
Τιορ81ι11Τ. 1, 88, S. 11, 8. 88 Taunum· ιι, 188. 8.· 111, 1. 188. 1, 8.
Τιοοιιιι Τ, 11588, 11888. 1118511788 888
’111111Τά11, 5η. 11, 81. 188, 11, 585, ΤοΙὶιιιῑΤ, 11, 851. A. 11181
111, 171. 1111, 157. 185. 118. 11, 878. Τ1111111 Τ. 1, 888. S. 111, 818. 88. A. 11,
m. S. 111, l. 81. iiia. 117 877
Τ11111811 Τ. 11, 888 111578. S. 1, Tum: ι, 885. 11, 88. 878. 751 1, 588.
1.5 1111, 581. 11, 88. 888. 788. 881. 11,
1111111111.11111111.1111 111111..ιι.111.1.ι,ι.1ι. 11.
868.8.1,8.118.Ᾱ.11,58 78.11,1.81.11,7.81.1118117.
Τ111111111101Τ.11,187 11, 1.81. 1, 8. 17. 1, 8, 881, 1, 5.
ΤιιιιιΙοιιιοι Τ, 1, 588 18. A. 1, 881. 11888888
ΤιιιιιειΤ. 1, 877, 111188. 1178155. 11511181, 8. 888
1, 858, 1111, 8. 11,185. 1, 818 . ΤοιοεΙιιιι T. 11, 88
Trunca T. xii, 585. A. 1 115 Τοιιιιῐιιιι Τ, 11, 518
Τιοικιιιι Τ.1ν,187. 1111111 Τοιιιείιοιοι Τ. 1, 188
ΤιιιοιιοιΤ, 111175 1111111111111. 11, 888
Τιιιιιιιιο S. 1, 8. 88 Τοιιιειιι Τ, v. 118, 11, 118
Trunca Τ. 1, 881 Τ1111111111Τ.1,888. 11878. 8111.
ΤιιιιιοιιοιΤ. 11, 588 58
ΤιιιιιοίΤ. 111, 878. S. 1, 858 ΤοιιιιιιιιιΤ, 1111, 8819. S. 1878,
Τιο1111Τ.11,85,1111,888 181888 . .
ΤιοιιοοΤ.” 11, 881. ιι, 885 111, 1788. ’1111111818 11181 , , , .

 

