11 11111011.

18111μιι,1.11.ν,1.1818111ι 1011110008
1104 Alpheos. 11,181
1118111111. 11,10. 1,41.00,40811ρ1ιοο11Τ.11,078

11, 810. 880. 111000. 1111, 080, 1, 111ρ1ω.1.1,111

88. 880. 11, 747. 111, 840. 8.1, 4 8 11,1.11.·.ι,118.01.1.11

1181111111111111,..111111111.1,888..18811.188 111118

8,1..1808,0.71 Λ,1,07. 888 811.1111.11,88,111,.111 1,.174
ΑΙὶρεάιεηιΤ,ι 11, 000. 880. 11, 108 808. 484. 480. 1170188. 111, 71.
111,)..111113111111 11,101, 1, 000, 1111100080. 11, 881. 800. 711. x.

1118111118 408. 817, 11, 101. 101. 807. 741. 111,
0110111118.11”..110011,.04 447818818171041444
ATTquodT. 111, 480 48. 11,111,111,1,111.111.1,118, 18,
111.,181.1,111,11,111.1., 1181. 11, 1. 84, 1,1. 147.101.Λ.1,111.178.

000.8.1,,.414.4.11,807 488,11,.,110181
ATTT'R' 1, AT. 104. 048. 11, 017. 111, 471. 0118188, T. 184

014,1,000.1,140.400007,8,1, 11111111Τ.1111,100

MT.A'.T‚02⁰ 1111111Τ.11,,,418.νο1 11111081,
1111Τ11000811740811710188800701011,Ἀο.111488800.

mmm 8,11,.7.17111111111,8114111,
1111111111.111,111,1ν,11’1.111. 1,14.11,8,0

1111, 000 411111011Τ.1,018.800. 111, ss. 8. 111,
1110011111111180181.11,111. 1111114111

111, 818 1111ωωε.11,1.1
11111112· 11, 000 ATmT. x, 748. 8011111181
Alituum 8.1, 0. 184 810
,41111οΤ.1111,.000100.4.1,00 1111111.1,111,11,111. muni.
11111111.ιν,111.111.1111111881, 118.111.111,11,1811.8.111,1,188.

718.11,188,8.11,.0101.,..18140 111,..0111,.018,,11,.788.18.

11,,1880 480 180. 180. 187. AT. 470
,4111111111,007.111,708.11,,1100.8. ΛΙ1111Τ.81,801.111,417,084.1111,10.

18, Ι. 08 011.11,871.111,711. 8. 1, w. 18, T.
,41118111118111 T. 17 17, 1,.1 17. 88. A. 1, 10, 817
,4111111111Λῂοο 1111111111, 1, m. TT, 041. iim.
,41111111 Τ.11,100 11, 400. 1, 788. 11, 800. 111, 107,
4111011108,ἥο 040. 1111, 10. 11, 484. m. 111, 47.
,41118111814848 187..,,.884.18.1847
111,-1111111, 8.11, T. 80. A. Ι, 411 411111·Τῦ 11, 00
81101111881011, T. 08 1111111111.11,111.ιιι,111.111. AT.
ATToquereT. 111, 000 1. 88. 04
ATToq 11111Τ. 11, 47, 8.· 11, T 818 ΑΙίεπιίΤᾸ, 118. Tm
ATToquToT. 11401. 11, 107 1111111110· 1, 87. 410. 1,.800 11, 878.
4110011111Τ.1,071.11,718.Α.11,100 871.1,8410,111,401,8.11111·80
AlloquTumT. 111, 804. 11, 011 ATTemoT.T, 170. 11,181. 11111818.
111118111111111.11111181 111,071.1111,481.11,774,1, 848.
11111111.111,111,Ιο111..111 8,1,0.81.11.11,17
1111111110..1...111111.,111.111.....1.1.,111.11,111,111.111,

11,.08111,.00 81,.04480. 140. 818

100.1,.48.11,0.00.18,7,.10 1,.1 411111111Τ.1,801.11800 Am.

111. 111111 11,1.811.ι,1,11.11.ἱ.888·888
AlmnT. 11, 180. 8, 11,1111 41111111Τ.111,01.1,,401 11781. 11,
Almone 8. v, T. 081· 41
AlmumT 1,170 111111.11,111..,111.ι11,181 8. 11,
1111111111 0.10,111,8. 100
111181111111111...111.1111,1111..1,1.,11.1111,ι.18

810, 11,108. 8111, 11131, 808 1111111111. 111808. 1111811. 11,
Aluum! 11, 040 871. 11, 010840. 478. 8. Tm.
ATnuzT. 11, 100 1,0. 17.11,8. 14. 1111111. 11,11.
ΑΙοίἀυΤ.1,1100 01, T. 814. 1,.,80108 AM„

10811111 Alfium: ι. 111

 

