emi mm

liquescit T. 11, 867. 8. 111, 1.122 46. A. i, 76. 11, 16
’ 1166116611 A. 1, 424 litui T. vii, 628. A. 11, 826
11661 Τ. 111, 691 1116161 11, 228
Liquidum A. 11, 441 11166 T. xi, 60. 8.1, 8. 167. A. 11, 60
1166111118. 1, 8. 60. v, 1. 182 111661 T. 111, 664. 1, 649. 724. 11, 826.
Liquido T. 111, 604. 11, 7. viii, 869. A. 629. 8.1,8. 198
1286 1111616811, 1.18
liquidos& 1, 6. 16 111611. 11, 211
Liquidum T. 1, 294. 1, 624. 11, 864. A. liventem 8.1, 8. 108
199 “ 1116111111 1,617. 11, 614. 11,622. 8.
liquimus T. 1111, 189 1, 6. 12
11661116 Τ. 111208 111661111111, 186. 8.11,8.17. 1,1.
11,.1ηιε.1,1.ι11.1.11,116 146
1166111111 111, 620 1116611861 8. 1, 6. 88
nquit T. 11,476. 11, 166. 8. 111, 4. 67 livere A. 1, 182
liquitur T. v, 619 livescunt T. 11, 68

= 1166611 11,689. 786. 1, 811 111118.1,2.161

1166611 Τ. 11, 781 1111111111. 11,14. 1,608. 11, 188
liquorem 8. 11, 7.4 11161 T. 111, 818
1166616811161.111,8.212.111,4. 166111, 162. 11, 477. 1,180. 111,
92. 1, 1216 146. 8. 1, 1. 200. A. 1, 249
1111 111, 688. A. 11, 841 1661618111. 4. 91
11118118.111,8.212 16661111, 169
11116661 Τ. 1, 606 166111 1, 208. 111, 491. 11, 780. 8.1,
numinum, 616 1111. A. i. 111
11116111,661.11,246 16611616 8. 11, 8. 21. 1,8.267
1111611 Τ. 11, 619 1661111 T. 11, 744. x, 88
nm 1. iv, 161. s„ 61, 1. 111. 1. 11, heir. .,1ι1. 1116111611.
29⁹ 81181129· “
1116111111 laci· 1. 1, m. 1. i, 1. 16. iz. 1. 11.
111...1..1,611.61,1111 11, ι. 111. iii, 1. 11. v, 1. 41. 111.
111111 8.11,8.87 104
Literna S. 11, 8.66 1666 T. 1, 180161. 11, 48. 601. 111,
liticen 1. iva. 16 1116166. vi, 161. 11111. 116.
utnon Τ. i. 111. ii, 11. iiam iv, 411. viii, 61161116. ..111, xi.
117. 798. 806. 1, 64. 89. 428. 472. 668. 111, 608. 8. iim. 141. A. 1,
494. 709. 11, 11806888. 111, 106. 871. 628 ·
mm. 1,96. 11212. 8.1,8.224. Imma T. 111, 868. 11. 110. xiim&
1, 189. 11,1. 188. 11880. 111, 1. 8. 8.11,2.41. 111,1.11. 111, 189. 1,
iii, 2. 18. 111, 6. 76. 96. 11, 8. 01. 11, &m
4. 62. 1, 6. 110. A. 1,29. 187. 208. 161161811,6.62
281. 888. 449. 681. A. 11,62.108. Iocum T. 11, 140. 1, 429. 11,761. 111,
2981368 ⁷²· Vffi, ¹⁴⁸· 82, τω· 1, 6⁸⁷0 Xi,
1111616 Τ. 1, 687. 11, 876. 11, 661. 604. 678. 111, 422. 612. 8.1, 1. 98. 11, 2.
1, 77. 291. 716. 11261200. 111, 16. A. ii, 816
886. 111, 729. S. 1, 2. 181. 11, 6. 28. Intus T. 11, 82. 111, 462. 1, 8. 689.
11, 6. 81. 111, 1. 68. 111, 2. 129. 11, 890. 618. 1111, 188. 888. 419. 11,
111,8. 180. 111,6.6. 1,1.242. 1,2. 691. 111, 802. 496. ai, 4. 116. 1, 6.
112. A. i, 20. 121. 221. 660. 411. 40.1,1.222. A. 1,110
668. 11, 861 166661. 111, 298. 8. 11, 8. 26
’ littore· A. 1, 286. 1128 lacuum T. 11, 876
littoream 8111, 2. 88 166616 T. 111, 620
littoreo T. 11804 16611611 A. i. 82
littoribus T. 1, 171. 8. 11, 4. 79 locutum S. 11, 6. 21
111161118.111,1.100. 111,8. 162. A. 11, 1616161 Τ. 1, 478. 1, 784. 11, 672. 111,
28 896. 811, 1. 74. 11, 4. 29
1111611 1, 260. 860. 427. 111, m. 111, Imp T. i, 7. 48. 108. 844. 676. 11,
180. 8.1,8. 24. 81. 11, 2. 16. 1111. 141. 280. 267. 821. 878. 418. 714.
104. 111, 2. 27. 11, 4. 62. 11,8. 10. iiim& 11, 46. 1, 86. 899. 600. 616.

 

