111 ’11111611

8111111111 Τ. 1, 486. 6.111,8.166. A. 1,

8111161111 Τ. 11, 861. x. 888

8111111111 T. 11, 87. 111, 868. 11, 887. 8.
111, 6. 46

8111161111 T. 1,·888. S. i, 1. 18

8111111116 T. 11, 666

8111161161 Τ. 11, 616. 1, 86

8161611661 A. ii, 461

8111161161 T. 11, 668. 111, 748. vitiato

Exhorruit T. 11, 668

8166161116 T. viii, 674

81111161 A. i, 846. 888

811611 T. i, 816

Exige Τ. 1, 816. 11, 167

Exigit T. ii, 48. 1, 864. 1111, 768. 1,

Exigua S. iii, 8. 76. 11, 6. 48

Exigue 8. 111, 8. 167

Exiguum T. 11, 768. 867. 1, 488

Exiguo T. i, 417. 111, 684. S. i, 4. 181

Exiguus T. 11, 644

81116 T. 111, 868

81111111 T. 111, 867

81111 Τ. 11, 648

Exilia Τ. 11, 878

81111111 T. ri, 16

8111611 8.11, 8. 88

8111616111 Τ. 111, 8. 118. 8. 1, 1.186. A.
i, 866

81161161 8. 11, 6. 87. 1, 1. 886

81111 T. 11, 888. 11, 868

Exire T. v, 111. 11111161. vui, 11.
8. 11, 8. 68. 11, 4. 48. 168. 1, 1. 848.
A. 1, 87. 866

8111 T. 11, 888. 11, 868. 784

Exiere T. 1111, 848

8111111 A. 11, 188

8111111 Τ. 11, 661

Exit T. 11, 188. 486. 687. 781. 111, 678.
11, 118. v. 686. 11, 188. 761. 868.
686. 111, 888. 816. 1111, 886. 11,888.
x. 11, 1. ru. 111, 111

8111116111 Τ. 1, 886

81111116 Τ. 1, 84. 848. 11, 188. 8. 11, 6.

8111111118. 11, 844

811116 8. 11, 1. 814

Exitium T. 11. 618

811161 T. ii, 17. 11, 844. 8. 11, 1. 886.
111, 1. uu. v, 1. 116

8161116118. 1, 6. 88

81616116 T. xi, 168. 8. 1, 6. 68. 1, 6.

Exurxbiie 8.1, 1. 164

81611111 Τ. 111, 418

8161111 T. xii, 167. S. 1, 8. 84

8161111 Τ. viii, 887

8161111 Τ. 1, 778 .

61161. et 711. Cirr.

114. 6111.

1111111

81611161 Τ. 1666

8161111611 S. ii, 8. 76

81611111 Τ. i, 668. 111, 686. iv, 661. 1,
86. 1111618. 111, 666. S. iii, 1. 48.
iv. 1. st. v, 1111. A. 1116

8161618. 11, 7. 188

816161 S. 1, 8. 874

Exoritur T. 111, 184. 1, 896. 111, 661. ix,

16661. 111, 1.'1xx

816111 Τ. 1, 88. v, 686. 1, 788

8161111Τ.111,866 ·

816111 Τ. 111, 668. A. 11, 146. 841

1116116 S. v, 8. 181

81611 Τ. 111, 688

8161111 T. 11, 76. 11, 688. 8.11, 1. 164

Expalluit T. 11, 887

8161116111 Τ. 11, 486

81611611 T. 111, 486. 111, 816. 8. 1, 8.

8161111111 T. i, 18

Expavit T. iii, 166. 111, 887. 1111, 88.
688. 11,816. 1161116. 8.1,1. 78.
1116161

Expecta Τ. 11, 886

Expectubxt A. 11, 418

816661161Τ.1ἰ,666

Expectant T. i, 484. 666. 11, 686. 111,
668. 676. 1111, 61. 11, 886

8161111116 Τ. 111, 614. 1111, 666. S. i, 4.

Expectat T. xi, 668

Expectare Τ. 11, 886

81611111 T. 1, 1174. 11, 466. 766. 111,
888. 8.1,1. 186. A. 11, 186

8161611111 Τ. 11, 814. 1, 886

816111116Τ. 1111, 164

8166111161 S. 1, 8. 88

81666111611Τ. 11, 76

8161611161 Τ. 111, 66. 11, 668

8161111111 T. xii, 816

Expectent T. 11, 688. 111, 146

81661111 Τ. 11, 847. 8. 11, 8. 68

1116161116 Τ. 1, u. 1, 867. 8. 1, 4. 68

816111111Τ. 11, ’141

Expedit T. 11, 6114

Expeditum S. 11, 7. 48

8166111661 Τ. 11, 468. 8. 111, 4. 88

ΕΙΡΕΙΙΕ Τ· 111 117

816111611 8. 11, 6. 14

8166116618. i, 8. 88

8166611661 Τ. 11, 666

8161111118. 1, 8. 116

81661111 T. iii, 616. 1, 647

Experiere T. 11, 886

8166166111 Τ. 11, 776. 111, 761. 8. 11,

Experiere T. ix, 848

&pen ί11116261 1, ⁶2· seim· ⁷¹0 V.

K

 

