11 1111111. clxxiii

1111111118. 111. 11101. 1., Ponit.. 11111· 1.,111. 111111
81111889. 11188. 1111,11.111. 1, 111888
888. 11, 487. 111, 888. 887. 878. 884. Portu Τ.11,188. 11, 481. Mami.
s.i‚ 8. 848. 1, 8. 87. 11,1.818.111, 88. Α.1,888
8. 8. 88. 148. 11,4. 88. 88. 1,8.188. 1011118118. A. 11, 88
A. 1108 8011111. 11888. 111, 84. 1, 888. 4118.
pegma) T. 111, 874. 1,88. 1,187. 111, 488. 111, 148. 111, 888. 8. 1, 8. 818.

1110. 11111. 110. ii, 1. 11. 110.
13001111Τ.11,888.11,848.8.11,8.88. 111, 8. 187. 111, 8. 78. 11, 8. 88. 11, 8.
1115125 ⁷· 8,.1169. 18111848. 59⁸&
Porgi Τ. 1111, 788 Ρο11118. 11, 1. 888
80110011 8111, 8. 188 Pomm 8111 8. 884
1111111111 11....11..1,111.1. iii, 1. 1οι
Portentum 8.11, 8. 11. A. 11, 78 mmmm
Ρο1101118. 1, 1. 844 Posce T. 111, m
Ponlglt'l'. Vi, ως. 8111258 Pfflbss T· ,1111 ²²· 8111 ⁴⁴ 88
Ρο1113118. 111, 1. 87 ΡοκωΤ.11,111..1,111.1.1.,1.11.
80111ςί1111 Τ. 1, 881 A. 11, 888
Porro Τ. 111, 848 Poscentem T. 1111, 788
Pom Τ. 1, 188. 1, 888. 488. 1, 1. 484. 8010111101 T. 111, 888
11, 481. 8. 1, 8. 888 80101111 Τ. 11, 888. 111, 888
Portabat T. 111, 888. 8. 11, 8. 81 8010118811 T. 1111, 878. 11, 781. 18,
Ρο11111188. 111, 1. 181 68
Pone Τ. 1, 88. 111, 88. 111, 88. 1111, 88. pascerer. 111, 788. A. 11,88
x, 8. 868. 818. 688. 11, 848. 888. 8418. Poscere! A. 1, Μ
111, 888. 784. siv, 4.88 Pamin T. 11, 88
Pomm T. 1, 847 Ρο101Τ.1,6
8011108118. 11, 8. 88 Panaima. T. 11, 488. 11, 888
Pomm T. iii, 888. 1, 888. 788. A. 1, 88 Ρο1011 T. 111, 884 ·
Pomm T. 111, 881. ’11,888. 11, 188. Poscit T. 11, 748. 1, 184. 788. 811. 111,
111, 411 188. 884. 8111, 8. 178. 11, 4. ss. A.
8011111111 8. 11, 1. 188. 11, 8. 78 ἱ. 888
8011111111 T. 1, 888 Ρο101111Τ.11,488. 11, 888
Petuntur T. 111, 887 801011118. 1, 478
Penatibus Τ. 1, 888 80100 T. 11,888. 111881. A. 11888 ·
1111111111. 118, 817. 8. 1, 8. 8010111811188. 1111, 888. 1, 888.
111. A. 1,.111 111111 11, 11. 11, 1111. iii, ι.
Ponants. 1, 1. 88 88. A. 11, 888. 818
Portarum T. 1, 888. 111, 88. v, 881. 111, Ρο1111Τ.11,888. 111, 18
87.1,187.888. 11,844.888. A. 11, Ρο1111οΤ.1, 18
88 Ρο1111Τ.1,888
Porus T. 11, 888. 111, 188. 848. 488. 11, Ρο11111 T. 1, 488. 11, 888. 8. 111, 1. 188.
11. 111, 77. 888. 1, 878. 488. 111,18 11,4.88. 1,1.88
Ρο1111Τ. 11, 881. 111, 888. 1111, 487. Posito T. 11, 888. x. 848. 811, 7. 88
1, 555. 8⁴²· 811, 1. ¹⁹· 111, 81 88 ΡΝ1801 Τ. lii, ”1²8st suist· ιω· A·
8011111118.111,8.88 11, 78
8011111111 Τ. 11, 48. 8. 111, 4. 84 Ρο111011 Τ. 11, 184
Panem T. 11, 488 Ρο1110118.1“ι“1,888. 1, 88. 111, 184
8011118111Τ.11,888 Ρο11111Τ. 1111, 888. 111888. 8. 1, 8.
Ponendi T. i² 488 888
Ponendi» A. 1, 818 80111811, 888. 1, 188. 11, 888. 8.1,
Ρο110118Τ.111,818.848 1. 88
Pone· Τ. 11, 817 Ρο111801111.11,484
Portet T. 11, 84. 11, 888 8011081111 Τ. 11, 888.
porticibus A. 11. 71 ΡΜ T· 1. 63· Α· 11. 187
Porticus 8. 11, 8. 88. 111, l. 98 Pomm 8. 11, 8. 88
Porti· T. 1, 888. 11, 484. 11, 48. 111, Ρο1111111.11, 18. 11,88. 8. 1, 8. 874.
111. 11111. ι, 111. 11, 111101. 11111811111111
”80 8111181, . ΡΜΤι 'A' ¹1⁴

 

