lflffiss· Α· T. ⁴1²
Insatiabilis T. 11, 87
1111111111 Τ. 11, 200. 111, 12
111111 Τ. 1, 000. 8. 111, 1. 00

m 20221011.

11111111 A. ii, 000

1111111118. 1, 0. 00 ,
11111111. vinno. 111, 1. 111
11111111 Τ. v, 448

1111111Τ.111,288.11,702.1ἰ,070. 8. 1111111111. 111, 487

1, 0. 02
1111111111 mviii, 270
Inscriptio 8. 11, 0. 24
Inscripta· 8111, 1. 40
11110111 8. 111, 1. 70
1111111111 8. 1, 2. 107

Insequitur Τ. 11, 007. 111, 002.

18. A. 1, 174
1111111111 Τ. 111, 80
11111111 S. 1, 0. 21
11111111 Τ. 11, 21
Ι111111Τ. 11711. 1,202
1111111111. 1, 240
1111111 Τ. 1, 21. 11, 208
laenate T. 11, 801. 111, 400
11111111 8. 11, 0. 0. 111, 0. 27
1111111111 T. iii. 000

1111111 T. 111, 700
111111 T. 1, 400
1111111111 8. 11, 7. 127
Insolito Τ, 11, 427. 1111, 040
1111111111 T. 1, 421
1111111111 T. 11, 74. 111, 404

8. 11, 2. 1111111111 T. iii, 228
1111111111 Τ. 1, 040
1111111111 Τ. 1, 208
111111111118. 11, 7. 114
111111 T. 11, 420. 1111, 070. 700
11111111 T. 11, 00011, 70. 100. 8. 11, 1.

220. 8111, 2. 17. Α.1, 110

1111ο1111 T. 11, 442. 000. 111, 082
11111111 Τ. 11, 404. A. 11, 202
1111111111 Τ. 11, 800. 8. ffi, 2.2
11111111111 T. 11, 07

1111111 T. ἱ, 022. 11, 224. 8. 1, 2. 2 1111111111 8. 1, 1. 80. A· 11, 414

11111111 Τ. 11, 000

1111111111 T. 1, 880
1111111111 Τ. 11, 020. 1118104
1111111 8. 1, 0. 44. 1, 0. 72
11111111 T. 1, 000

11111111. 111220. 8.1,1.00
11111111 Τ. 111, 040

1111111111 T. 11, 421
1111111111. 111, 204
ludentum T. 1111. 240

1111111111 Τ. viii. 127

Inspectum Τ. 11, 740

1111111111. 11, 700

11111111 Τ. 11, 041

Inspexit T. 111, 170

Inspicit T. 11, 120

Inspicitur T. 1111, 41

111ρί111 Τ. 11,004. 8. 1, 2. 104 ’
1111111111 Τ. 111, 170

1111111111 Τ. 1111, 000

111111111Τ.111,000. 11, 101. 111, 00 111111111Ιί Τ. 1, 274. A. 1, 288

1111011111 Τ. 111, 042

1111111111 Τ. 1, 280

1111111111.11, 001. 111, 228. Α.1,100. Ι111111Τ.111,000.11,040.1,000. 11,

008. A. ii, 208

111. vim. 11, 1111

mma. 1. ii, 111. 01111111 111, 1..1..1..1..,111..1,111..11,1

104. 1, 000

1111111111. 11, 002. 111, 781. 11, 770.

1111811111 Τ. 11, 222. 8. 1, 4. 07. A. 1, x, 407. 111, 402. 8. iii, 1. 80

1111850111 Τ. 11, 20
Incidunt Τ. 11, 101. 11, 422

1111111181, 2. 200
1111πᾶ 1, 410. 11, 201. 200. 11, 400.

1111111111, 072. 1, 442. 11, 000. 111, 1111111 Τ. 11, 200

001. 1111111111

111111 Τ. 11, 228

111131111Τ. 1, 000. 1111, 278. 070. 11, 111111 Τ. 1, 427. 11,002. 11, 84. 470.
708. x, 774. ssTl· 811,1.2. A. 711.870.11,108. 11, mn. 8. Ι,

0. 40. 1, 1. 21

hagnam 1,111. .1, 111. ix, 111 11111111. 11, 111

1118111111

1111111111 Τ. 11, 400

1110ρί1 Τ. 11, 201. 1,447. 11, 20042. 12⁸1an. 1, 010. 11,88. 1, 0. 111,

111, 220. 1, 204. 11, 82140

1111ρί11111 Τ. 111, 00

04. 8. 11, 1. 18
1111111111 Τ. 11, 222

111ος111111 Τ. 11, 214. 1111,00. 1,8 1111111111 Τ. 111, 000

Insignis Τ. 11, 821. 111210. 1111127. Instaurati 8.1,4.18

11, 222. 1, 208. 8. 1,0.20. 111, 2. 2. 1111111111111, 210
111111111 Τ. 11, 074. 11000
11111118. ii. 1. 220
Afflfisslbss To Ι, ιω

111. 111. 4. 10
Insilit T. 11, 200
1111111111 Τ. 11, 220

 

