11 mmm. ,00111

11111Τ.11,118. ’01.108. 11, 010, 1111, 1010101ιΤ.1115 111100
010111,110.11191.011.8,11,1..111131101,1111,019.11,1,00 111, 000.
⁰⁰.iii.⁰.·’.⁹l⁰.⁰l²1ii..⁰⁰⁰ 810011011110110111

111111Τ. ,11,010 1010010111Τ.1,01 ’

11100030, l. 110 vulgaris. 11, 8. 01
1110οΤ1100811110, 111110 “ VulgntnT.3i'.84
11111Τῦ11,111.0.1,010 , 101 3311οΤ 11, 001
101οΤ1080, 11,101. 11,οΜ 10183110.1Τ 11,191
1111110· 11, 000. AT. 109 1013110οΤ3 11, 011
01108,1,0,10.10.01.91 1010113 11,101,000,119,001,’ 111100,
11111Τ,11,009. 11,19 010. 000. 1,10.118.101,11,000, 1,
· 0....11..,101..10,101 000,11,100.111,011,198.0.1,1.
mamm 10,11,1..811,.110
1110110111 10100111, 19011119, 111,οΙ1, 1,
0001111111 101, 111, 011, 1,1,000
11111οΤ. 1111, 109, 0111, l. 108 10001101. 109. 111, 111, 000, ig.
0101150, 18 ⁰⁰⁰. nii. 118. 8.”11,1.101.118.0181,110,11,110,111,
00,111.0..111 111,0.11.11,..110 111.11111091,000.11,100110
.1.1,01,,10911,01 0,11,.11’10.11,0,1
11111Τ. 11, 111 1000101111111011.11000111
Utendum Τ. 1,110 100, 108, 11, 098, v. 10. 111, 11, 110.
1111Τ,1,101.11,011,1111,00.100 .0,110,00,10.100,11,00.101.κ,
00101,10111,0.1,1,00..,.11100 111..,..,1101181101118.111101.
A.i. 91 000, 0,1,,,181 101
0001,1,οι1.10,100.11,101, 111, ..10101101,1,01.100, 11,8.111.011.
001 010,110,·111,91,·11,11,001,1,111.
01111οΤ,“ 11, 811. 111, 180. A. 1,101 000. 008111. 11,18.101.110.181.
1110101οΤ.11,001. 11,011.8.1,1.110. vimen. 110110 181. 080181.
A. 1, 011 TT⁰. 1,109.110.11,010,011,111,
11οΤ,1,.910111,100 111.81,.11,,.110111,011,,1110.
11111οΤ,11,111.11·1,00.11,.01 Α.1, 1,,...01011000
090 1111001111οΤ,111,119,11,11111,11.
11111οΤ,1111,119 11,001.111,18,8,,.10 10
Utitus'l'. 111, 011, 11,108.1,881,11,1081110111Τ,101.118,11,008.811.810.
n 11000
11111Τ, 11, 011 101111110οΤ, 11, ST
110100οΤ,1,000,11,101.108,1,100, 101001Τ,·111,101.1110001111100,
111,000.·11,100,11,009,080,111,11,110,010.100,1,010,11,00.01Ι,
000.0.1.0,000.,10,110 10010001111800
1011000οΤ01019. 11, 800, 8,11,0, 10111113· ιι, 101
101101··111,100
11011110οΤ, 1,100 1011Τ,· 11, 001
11111110οΤ, 11, 010 1011100111Ρο,11011,100,1,110, 11,
11110011οΤ111,100.,,1801111,111 00.81,1,10,11,1.,101111,0.111.
“ 1111000οΤ.1,091.11,199,11,000,111,1,0,01,Λ.11,100
1101111010,11,100.0.11,1,19. 1011οΤ.1,.101 101, 1100100111,
A. 11, 110 111,11,001108.1,11.01.000, 11,
1110100101, 1,100 191, 110. 111, 01. 100, 1111, 81, 112.
8110010011,11,000,091190. 111010. 001.11,118.001.811,1,01,90 xi.
10110011, 11,101, 111,111,0,1, 0011, 1110110011. 0.·1,1,10.
0.11111,.110 01.11,1.,108 111,,.811111,1.,1Ι
1111Τ.,,.1180011,1,0 1,1...1001101,1,...8011101
1 Um'l' vii, 100 1011111111.11,000.111,8011.087.11,
UmT. viiTATS· 0,·11,1.100.11,9. 000,001,019.108,1,000,11,900,
11 011,111,80,118.000.11,001.111,
1110000010.111,1,110 080.0.1,011,11,,,000 111,,.101
1111010111, l. 110 Δ.’1,00. 90100010. 11,100
um.. s, 1., 0.(10 1011011. 01000
mmm Τ.1,000 1011011101 S. 11, 0.09

 

