00111

sobmon 81, 174
8000101110 S. 111, 1. 81
8011111111οι T. iv, 108
8110101οἰ1011 S. 11, 7. 118
8000111110 Τ. v, 408
800000111018 111, 014
8101111οι 8. 1, 8. 110
8110011110 Τ. 111, 840
811οι111110 A. 11, 44
SubrititA.i, 001
8001011 T. 11, 470
8001111118 111, 478
801111111181,107
8001111108111, 10. 11, 101
800111110οΤ, 11, 004
’ 811100118110
8001111118 11, 448
800101818311, 4. 10
800111111111Τα1, ’
8101110111Τ311,174. 111, 000
800111111118111, 070
801111111οΤ8, 017. 81,1.00
8001111118· ι, 140. 811, 4. 00
80010111018111,1,117
8001110018· 11, 17
8001101181, 817
8001110118180481881
8001011118111, 1, 08
80011011018 1, 070
8001110118 1,107
8011111118 111, 1. 70
80001010118.11,4,7
8000101108 1, 184
8000111011Τ.111,.7841.1,1.11,10
8000100101811,800
8000011118 11, 7. 111, 788
80οω1111181, 400
emendans? ιι, 1. 101 ’
8000001111Τ,1,48.7 8.1,0. 11
800001110018 1,187
8000011018 1111, 170
8000110118 111, 807
8000111018· 11, 008
8000100118 1, 117
8001111008· 11, 114
8000100118· 01, 410. 11, 104. 8.·· 111, 1.
10,1,1.77.1,1.101
8111010008.1,.8 184
8000118 11100. 111, 110. 81, 1. 10
80101118 11, 074
81100οΤ. 11, 101. 8,,.14114
8000018· 11, 0..88 1,1.78. 4.· 11,
8000000118. 1,1. 14
8011111118· 11, 748
80010118 1,1. 114
80111111Τ.11,888.1,010.111,488
8011111111 T. 11, 400, S. 11, 0. 74
801111181,444. 8.,,1008. Α,1, 17

mm

800100810174, 11, 804

8001101811, 711. 1, 180

80011111181111011. S. 1, 8100

8111111118 111, 1. 118

80111111 Τ. 1, 'm S. 111,1. 141

sude! Τ. TV, ,ωε ’,08810861 0111, 8161
10081. A. ἰ, 417

8011118 11,010

8000188170.111,111.817,404. 1,

’ 114.1110011081011,87.8.

v, 8. 00. A.'' 11, 441
801101οΤ. 111, 01. 1111, 7. 088718, 11,
710,1,.788 11,.010.Ι,100.100
801101101οΤ.1,411.11,101.11,470.8.
1, 8184
80001118· 11, 874
8011118 1, 807. 11888110, 701
8001811800. 11,011.1.11,410
8011181,010.111,001.8,114,00
80010811, 04. 111, 010
811110 811, 7. 11
80110111 Τ. 11, 171. 11, 111

8001018 11,714. 11,117.111,140,11, ’

100.8.11,0.01,1..17144
8081011081,Ιο8, 8.11,.,14144
8011101183 11, 1. 10
8000010118. 1, 1. 00
8080081, 1170
8080110 T. 11, 00. 8,11,1.80. ν, 1.
8081011018111,1. 04

ψ 80800118· 11, 417

8118011018 111100. 814188· 11, 1.
814 11

8081111811, 010

8080118 1111, 810

808011 Τ. 1111, 418, 8 1,4. 10. A. 1, 80

8081110 81,Ἇῦ

80801001 T. 11, 710. 11401. S. 1,1.
00.1,1.111

80811311 S. 11,1. 181

80800111 T. 11, 111

8080118 1, 100. 11, 800. 111, 814

01111111. 11, 1. 41
803301οΤ.1111,878

803311118 111, 811. 000. 11, 401. 740

8033011008, 1 1, 114

801011018 111118 11088

80101101081111,180

8111011118· 0, 101

80101181, 8

801008· 11, 000, 11, 111. 118011

81110018· 1, 110. 111,181.11,480. 11,
410.1111,147.111,118, 8.11,8.40

80100118· 11, 08

8010018· 111, 701. xmo

8011018· 1, 0. 74

8111010811, 17

8011110118 1, 01

 

