lx 11111

11111111.1,886.Α.11,646

111111181,1.84.11,7.8

11111Τ.1,168.688.681. 11. 884. 886.
888· fiiij-mnus· 17, ¹⁸⁸· V,
886. 864. 11178188. 1111, 841. 1,
666. 111, 666. 8. 11, 6. 78. A. 1, 618

Dira T. 1, 4. 68. 11, 688. 666. 111, 616.
¹rii, ι88,6ι..11, 884. 11, 468. 111, 648. 8.

1111111111 1111

1111111Τ. 111111. 1111887. ι,661.
1116

nim T. 1,466

mma T. 11, 678. 111788

Dim T. 1, 647

DimT. 11, 768

1111111111 T. 11, 616

1111111111 148. 11, 74. 11,867.816.
.111, 111. A. 111

DiroelT. 1, 88. 11, 447. 111, 616. 8. 11,

11111111 Τ. 11, 486. MT. 148. A. 1,

111111111 T. xi, 671

111111111111 Τ. ι11,488

1111111111 T. 11. 467

1111111 T. 1111, 188

1111111111 8. 1. Ι. 11

1111111111 T. 111, 186

1111111 T. 111, 816. A. 1, 677

Ι)11111118.1,1.86

111111Τ.11,646.664.677.886. 8111,
1.166. r. 8. 68

111111111Τ. 11, 887. 11, 888686. 1,
118. 8. 11, 6. 61

11111116111 Τ. r, 787

111111161111 T. r, 161

1111111611 Τ. 111, 468

1111111611 T. 11, 886. ι, 661. 8.1, 6.

1111111611Τ. 1,186.187.Μ. 11, Μ.
1, 74. 11186

1111111Τ. 11,888. 111, 668. 11, 874. 111, 111111161111Τ. 11, 166

116

1111111 Τ. 1,168. 11488. 11,8. 8.1,

11111161 T. 111, 888

11111Τ. 1, 846. 111, 684

munit Τ. 111, 677

Differo 8. 11, 8. 84

nimir Τ. 1111, 686

111ἑί Τ. 1, 164. 11, 188. 111, 646. 11, 888.

.111, 6. 78

111ήρ1 A. 1, 688

DirigirT. ix, 776

Diriguere T. 1, 486

1111111111 Τ. 111, 74. ir, 86. 8. l, 868
1111111161 Τ. 1, 488

111111111118. 11, 8. 184

1111111111 Τ. 11, 817

Diripiunt T. r, 867. 788. 8.1, 8. 181
111111 T. 1, 814. r, 884. 111, 718

11111 T. i. 888. 618. 111, 76. 11, 866. 11,

868. 1, M. 11, 687
111111 Τ. 111, 846. 111, 816. 484. 111, 86
Dima Τ. 11, 866. 881. 11, 666. 11, 486.
8. 11, 7. 164. A. 1, 84
1111117. 111, 46. r, 611
D} T. 1, 67. 888. 11, 87. 648. 1, 786.
. 1, 4. 4

1111111 8. 1, 6. 66. 11, 7. 68

111111 Τ. 11, 661. 8. 1, 8. 61. 64. 186
nime 8. i. 6. 11

1111116111 8. 1, 8. 18. 111, 8. 188. A. i,
111111611 T. i. 88

Discedunt Τ. 11, 686. A. i, 666
1111111611 8. 111, 6. 66
' 11111111 8. 111, 1. 67

Dimum s- 111,· 118

1111111611 Τ. 111, 448

11111111 Τ. 11, 486. 11, 478. 111, 178

nixo· A. 11, 446

1111111111 Τ. 11, 684

1111181111 T. 1, 668

murima T. 11, 861. 11, 486. xi. 484

11111τὶ1111 Τ. 11, 878. 1111, 87. 8. 11, 6.

111111111111 T. 1, 666. 1, 888

nutrimine Τ. 11, 647. 788. 11, 868. 11,
666. A. 1, 887

Dircam T. 11, 676. Μ

nircum 8. 11, 8. 16. 88

1111111161111 A. 11, 88

1111118111 Τ. 1, 688

1111111111 Τ. 11, 88

Discurrunt T. 111, 466

111111111811Τ.ι,666

1111111 Τ. 11, 718. 111, 81

1111111. 1111111. 1.,111. 11, 1.
188. 1, 8. 888. A. i, 646

niueum A. ί, 66

1111111111 A. i. 811

Discurrens r. vi, m

Diremit T. ii, 67. 111, 4

Dirjeern T. 1, 816

1111111111 A. 11, 868

11111111 T. x, ω

11111111 Τ. 1, 681

Dirjungrre T. 11, 484

Dirprre T. 11, 814

1111116111 Τ. 1, 886

1111111111 T. 11, 478

1111111611 T. 1, 886. 111, 718. 8. 11, 8.

1111111111 Τ. 11, 766

Dispensat· 8. 1, 8. 76

 

