111 11111511. 111

Equum. 11,588 1,58. 481.· 11, 488 ·
Εᾳιιιε8η111η18411ψ84811ή. ΑὸιιΤ.1111,118..81111,.5881,85.’1
18.111,..,8581811.88...188188 11,58.8.1,1.88.111,8.1811,4.
858 18.1,8..1 Α.1,848.818
1811511111.11,116 ΑὲιίιΤ. 111, 868. 11, 888
1845111111 518 8.1,.11545. .1.·11, 511111811484
185 ΑδέιιιιιΤ.11,85.1111,.4888.1,8.48
81151111Τῦ 111, 888 85111511, 485
AEqu. 1.448. 11,488. 11,55. 8.· 111, 411111. 11, 581
4.18 Ae'mT3T, 888
18555151. 1, 868 , AEnTss' ιι, 1881811,568.1,185. 11,
AEquatouT.' .11,858 , 6811.111,881.118. 81, 5. 48. 11, 8.
AEquntunT5 ι, 855. 68.·111,1.85.ἰι,11.85“.11.ι,8.151.
5,...1111111111 11111111. 11,11. ιιι
5111111811, 188. 11,68 AEnuT.v‚m
ΔὴιιειιιΤ. 111,188 5111115... 118
AEquentfflni32· 115 11151111, 588
ΔηιιιΤ. 1111, 515 ΜΤ· 111,Ι5. 11, 818.· 11, 181. 8.1,1.
1811511.1,.18811,488.111,..18888 51.1,8..5811,..5851,.1888
111445 1815111115851118811558 Sa
ΕφιίιΤ.1,185.111,888.11,818 1.81
ὢιιιιοΤ,11,158.515,111,618.11,1811511.11,,8581111,.858845
588.ιί1,8..811,8.58 .81118,1,1..,.5811888.11,5.85
8155511111, 856. 11, 81. 1,858. 558. 181115511185
485. vim. 111, 415. 581. 11, 488. 1811155551. imm ’
81111111, A. 1, 88. 15. 88. 88. 18151111. 1,418
445115 11111111.111,858. 8.111,5.88
1111155111. 1,8. 888. 881188. 11, 41. 111111111Τ.1ι,888
181. 1, 84. 148. 888. 885. 848. 888. ὧι1115118111ῥ. 81
411. ιι 188 111884. 11,88.818 1815511181,8.184
885585.,.ι8488.1,8.88.11,1.11111111Τ.1,865
818. 11, 8. 1481. 48. 11, 888. 111, 1811111151, 1, 18
8181485518 111,8..161 111, 1815111811,4.88
4551. 111,5.1.18.1ι,8..45 1,.8 11115111.ιῦ,88
81811. 1, 81811, 884 , 1815151311, 888
1811115111.111,148. 11, 888. 1, 158. 1815151811,4. 18
ιι,118.888.111,.18888.8185111511111,18.11,.4541,888.111,,
158. 11,1.118. 11, 8.4. 1,,1. 848. 888. 8.1,5.48
A.' 1, 848 mmmmm„ .
1451515155 18115111.1,881. 111848. 8. 1,5. 8, ι,
AEquoreiT. ι, 415 8.111
Ξς5511111.1ι,888. 1,1,151 &tactam-4?
AEquomr. 11,458. At, 55 8851111488. 11,44.8,1,8.48.81.
AEquoreuffl 11,141. 588. 111188 1,8.81.111,1.58.111,8. 88.1,1.
Ᾰὴιιο11811,5.8 188
Equprinu'wwfl 11548 81111 81111.11,111.15,ι...1111111111,
188.518,,188.ι4,6 , 858.11,858.ι11,...,88888511511
Ε41155113111,858.11,818.11,588.8181,151.111,411.8.1,8.158181.
851.888.11,888.8.111,.588.Δ.1, 11,1.188.1,1.888.1,8.14.158.
411 1,1,1111111115111 11188488
Ε6551Τ1,888.11188511118 11, melin, 188 ,
118. 111..888 1,.881 11,181. 111, 15111511 14188515 151 11,.415
154. 811,.846.Δ.1,118 · 111.85.88111118888.1,1.58.1,
ΔέιΤΐ· 5, 811555. 11481688. 1111, 888. 11, 48. 11,1. 581
418111848.81ι,,8881 ΕιιιιιΤ,11,8818.ι,.1848
ΔὸηΤι,118884.888.848. 11, 5118. 1811151151.111,845
1, 884584. 11, 881. 11,.88 885.Ε111511111888
454 581 ιι 855 1111188.1,8.111111551.1,114
54.11,..815 1,.1151. 1858 A 1811111511ΗΗ8458815511Α88. 11

 

