.¹ 111 11111011. γ xix

011101 T. 1, 449, 11001. 11,990.479. 1130110101111. 11, 997. 040. v.
040009.11,090.990.111,190.099. 004.1111,100.1,970.11,100. 111,
000. 1111,00..79911,,,.0701089 9001011000
111, 70. 194. 440. 790. 0. 1, 1, 41. 01301111Τ.· 11, 000. 111,490.11,010.
0.’·11,0101,.49884.111,771“

01110οΤ. 1111, 018 0130111111· 1, 999. 111, 409. 1, 040.

11110100111101011. 11, 899. 700. 011, 90
481. 1, 007. 11, 98. 800. 991. 1111, Argolico Τ.1ἱ,497
707, 11, 41. 049. x. 99900, 049. 040. 0130111011. 11, 00011, 99. 11, 007
ι1,111.11,.11’..1111.1,..1111 1011010τᾷ10111011
11,.1.19111,,.90011,..0477.11,,7 0130111οΤ.οΜ7991480
91.109,11,4.14. 1,1.199.1,0. 0130110111,11,990
90.1,0.19.90.0.1,190.090.11, 0130110001.11,709.11,’100
90. 007 013011001011,7.77

01110110.11,7. 108 ⁰ 013001. 11, 040

0100011.1,90.901. 11,09. 199. 1, 0131100011, 0. 49. Aa, 100
000. 11, 000. 070. 11,οθ. 91. 010. 01301151, m. 2⁰⁰. 900071. 11009.
111,79. S. 11,7. 70. 111, 0. 170. 0. 1, 910. 409. 091. 740. 111, 14. 110999.
07 007. 099. 001. 04911, 007. 079. 11,

01111, 11, 07. 011, 9. 09.· 111, 0. 91 10010 111,111,1.ι.,111111 11, .

0111111111, 00 004 11, 007 048,οἱ 99, 1907 407 099.,11 911. 404.
00011ωο901οΜ114010 701,011,09.004.οΝ1.009.0.111,1.

11. 111 01111. 11,οι

01111Τῦ 11, meat. 1111, 049· 11, 489· 0130111117ιί, 494·
111011 013011Τ. 1111, 01

0110111811, 0. 41 0130111.11,977.1111,440.11,708

Am Ι9111131961 1032051 ⁶2²⁰ ,138741 Amo Τι’,ω
11,901. 1,018.11,44. 0.111,1. 19. 01301Τ. 11, 004. 1111, 447. smus '
11,...090199.114.0 0130110.11,1.40

01111111, 11, 81 01301001 011 4. 10

01111111. 1,719. 11, 110. 0. ι, 2. 910. 0111100οι, 0. 991
1, 4.100 · 01101001001111. ⁰⁰

01111111οΤ. 11,499’ 0111111. 11, 400780. 11, 419. 11908.

01101111, 1, 09. 1, 099 Sd, ⁰.21

01110111 T. 1111, 904. 0.1,0.9 011001Τ.” 111, 470

01111, 11, 711 011111001Τ.·· 11, m

01311111υο11, 4.19 0110111. 11, 40. 11091. 494.444,091.

113001.1.,110..11,1.101,1.11. 11011111

0110017. 11, 440

01311111οΤ.11,998 0110011. 11, 098

01317.1,811.11,111.191.11.81 01111.’11,700.11,900. 1, 170. 009.

’01301Τ.11,900.997.111,070.11,491 019,070.097.11,010.111,80.191
010, 0184 1181 2⁴⁰· 2⁰⁶· ω’· ,wa 088171113ωιω 310. m· ω· s·
070. 091. 804 11,1.90.1,1.70.109.0.1, 0491111

013111.11,190.11,149 01111001.Ι 11, 070

01311101.11,900.111,990 01111111.11,.199 01,0,40 .

0131111111, 91 01111111. 111, 794

01311Τ.1,089.111,,9 111, 001 1111, 011011. 1,00. 9410091109. 11, 090
701.1, 709.111,100 090. 049, 000. 091. 099. 007. 710.

01311111Ι ι, 001. 11, 909. 111,001. 091, 704. 111,107.990.900.010. 041.

1,.470 111110. 011, 941 048.009.089.899,840.004.8841111.

A 13111Τ, 111, 490 0110101011 Τ. 1,000

013110οΤ. x. 040 0111110101 A. 1140

01311011. 111, 00 0101111. 11, 000

0130 Τ, 1, 010 0110111Τ. 111, 094

0130110079οἮ · 110111..1,1.1111.11,011

0130111110,ομ 01101οΤ.11,,090.11100.1111,.0401,

0130110111.111,409 111,000. 1111, 740. 282. 111401
1,00. .1,11.110.1,·1,101111 11101111.11,1011,111

 

