Ι lxxx 11111111

Festinat T. 11. 478 . 188. 8111999. 11,7.96. A.. 1,
911111111811816 171. 1196
811611116114,1,166 ΤίἀοιΤ, 11488. 11, 148. 8. 11819.
Falinis Τ. 1, 861 111, 8. 116. 1, l. 94
1111111111Τ. 11, 76. 1188816116. S. 8111111111111. 11, 984. 898. 848.
.,1. 111 111111. .11. 111. ι, 111. xii, 1111
Tenis S. 1, 9. 961. 11, 4. 96 Fidum T. 111, 466. 689
Festo T. i. 989 Τ111111Τ.11,966, 1889. 111978. 466.
Festos S. 11, 8. 87 8. 11, 198. 111, 8. 118
Festum T. 11969 Pigam T. ii, 788
1111111891, 7. 184 111111. x, 869. S. 1,1, 146. A. 1, 686
916111 Τ. 111, 667, 1, 867. 11, 16 1·1,;1Τ. 11, 888. S. iii, 4. 97
1111111. iv, 488. 611 1111111111·1·.1111,666
116111Τ.11,948.111466.8,11,9.9 FigereT. 11, 696. 886
8111111 vii, 668. 11, 896 FigiT. 1111, 767 8.19,66
1111111111 1181111. 111. 111, 111. 111
11111111, 1, 846 Ti giturT. 1, 674. 11, 984, 766
FictoT. 11999. 11988. 766. 8.1,.1 Tigunt'T. 111, 861. 111, 97
166. A.i‚ 194 113111511111111111.11111
11111111Ταὶ1688 FigumT. 1,.648 11977. 8.1,8 4.8.
8181111111.111111111111111.11111
689,1,491,111,699.1111668679. 11111111111111111.11111111.
817. 11,618.869.714.1,818.11.11,676.1,886.8.18..66 1,1.9
768, S. iii, 9. 67. 1,1.967. 111, 11114911, 889. 11, 886. x, 816. 8.1, 4.
1911177 7.84. 198. 8111, 1, 171. 1, 1. 97. A.
11111111 Τ.11,687. 1111714 1, 187. 678. 11, 448
11111111, 88. 11, 966. 8. 11, 8. 98 1111 8. 1, l. 167
Fide T. 11, 496, 696, 11, 868. 8. 11,8. 11111Τ. 111989
11. iv, 111. 111, 11 1111111111, 111
111111Τ. 111, 649. 81 9.164 TiloT. xii. 878. 8 .,11 8. 98
F 4111111811, 8 68 8111111111111
811111161111111.1111111111.111, 8111111118.111,1.168
989. 489, 1,166. 898. 111, 819. 11, 1111811118, 1, 8. 68
888, xi, 886. 886, 898. 111, 878. 8. 9118111111Τ,1111,489
119711,.868.11,..66688.111,6. 1111111111111111111111111,
66.11,.81.681,...177Αἰ,468. 89188811686818841118
11,7.986,.988898 179.11,..,..8114119ΜΑ,1,198.
1111111118 11, 678. 1111, 676. 8. 1111. 991. 866
114. 1,9. 169 ΤὶιιεωΤ.11,868816. 1111, 886. Si, .
1·“11111111.4.1, 18 8.116.11,1.918,119.68.1,1. 18
118111Τ.11,661 9111111“’“. 11, 41. 111, 491. 11, 8. 69. 1, 6. ·
1111111111111.1111111111. 61 .
898, 417. 489. 889111, 861. 848.11,1··1.1111Τ 111, 668. 11, 696
78. 1. 891. 474. 697. 666. 11 468, ΡίηςώιωΤ, 11, 146
688. 888. 111, 917. 678. 1111, 178. 1118111111, 169. xii, 466
967 894 11 87 1969. 688. 646. 11ῃς.επ811,6..468.1,1,,,.118191
1198916. 111, 114. 847. 81896. TingisT. 111497
111, 1. 881. 111, 8. 91. 111, 6. 8. 44. 111116111Τῦ 1, 464. 11, 141. xi, 761. 81,
11,..48111,,.,.6991188..66.164 meo
1,9.46.117.Α.1,668.11188966 11.1.ι.11.·ι,111..,111..11,16
1181611811, 6.4 81111Τῦ· 111, 91811, 984. 866, 11, 881.
FidiT. iiim. 1,(19. 11469. 111448. 11, 19. 8111111
181111. 8.11,4. 168 1111111111648
1116111· 11, 898 8111111111111, 11, 886
111111111111Τ. 1, 686, vi. 879 finitimis T. 11968
1·1611111111Τ.11,8Ι6. 111918696. S. Τ111111111111Τ,11, 981
111, 8. 189 81111101 Τ, 1111, 91
Fidi! T. ix, 848, A. 11, 67 1111111111. 1, 998
ndo T. 11, 864. 161111. 11, 881. 111, 8111111. vi, 486, 748

 

