616 · 11111

976...,.,66669911164161166.946. 76,1,,,,6666.11,66,,,64611199
996, 964. 916, 949. 186, 466. 496, 969
619 779 161, 669, 1199 79 464, 911111Τ.11,,466 11,16, 1116461111,
896,641.1.946,497,699694,669. 669669 1,766. 6, 964 979 16,
7993767.,,.8641166167119164. 666,,611,,161,11,6.6611,,196.
166179907697647666,11166.1,6,169,161,1,.6 616,1,6,11,
114 666 766 61191 46 97 1, Α,11,117
6.,996149611716669166 9116111661 11,,.76166 11676111,
11,,1119,11,9,74.11,6,,84 1161. 76.1,951.11,966,111,66,6,111,4,
ι1118. 196 141, 111, 9. 49. 111, 6, 61,,9196
16169186, 111,4..48 11,6, 161 9111116,11,.196 111,676,117611,
1169611, 696 1,1.14,167. 1, 776. 1,766, 11,167,691, 111667,
9.61,,,1698,964.6117,,.96661, mannanhun?
619, 969.667.”11,86,616,688 667
9111111Τ,11,911 Patriam 111967. 11,,,8996 16691
9111116111, 641 11,,674 1111,111.199,11,717,1,
91111111, 1, 919 - 169,668.11,976,661.666,666.111,
9111111661, 7, 199. A·i, 17 996. ⁸⁸⁸. 6111, 467. 11,9. 6611,
911611164Τ,11,416 6..1611,4,71 11,616,1,,6196
9111111166, 6 ⁸⁸ Patrim⁸iv,⁸. 91, A.1⁸.⁸⁸⁸
91111111,11,,464 161166 9111111Τ.,,.ι66146 ⁸⁸⁸. 669. 111116.
91111118,111,,.66411,.476,,11,,647 8,111,4,,,,,8119.16716,696
11, 167 9146111641, ⁸. ⁸⁸. 1,9, 96
9111111111, 1111, 986 9161611611, ⁸. 66 ,
numm. ι, 111 1111111111, 111
91111117. 11179 497 61666 9111111161467
91111111Τ,1,69,1116661646611,9111116Δ11ᾐ976.,11,646,64, 11.
1111611111161119111, 111, 91111119.Ι,619.11,966,,796 11, 616.
m ammmssmmffl
9111111111.1,78,1111,619 699. 616, 9, 97. 111,,4 ⁸⁸. 1, ⁸.
9111111117.111,967 966. A 1, 967, 11, ⁸⁸⁸
9611111661, ⁸. ⁸⁸ Ρ111117,1,664,11,669,111,476,11,
Ρι111111111Τ. 11, 691. 11, 669 686. 1611161116. 141,1.116.
91111Τ,111,966.11,,698 1,,,694661 111,6,6,,ῙΑ ,6.616
111,,7648,16,69.11,9,4,11,9,.77 9111111761661696, 16147667
11, 661. 1,6, 161 1,.696 111, 697. 61111, 66. 17,7.
91111118,11,7,91 66,1,,666.676
9141Τ,1, 416. 11, 799, 1,16111,179. 111111111411111. iim. Μ.
11,.661111,966,.,61169.,1111.11 11,7,661,169.997,9,14.9914Ν.
9161111161, 9, 66 ⁸⁸⁸. 11, ⁸⁸⁸. 48611161. 9691111,
9111111111Τ.11,764 969.11,68111,646. 6111, 1, m
911111.4,“ 1, 696 111616, 166
91111116, 11,1,96 9111111111Τ,11,616,846, 1196111681
9161111117,11,971 auium· 11, 111. 11,977, 6,,11 619
91111111Τ, 11917 666. 111, 664. 61 9111111166614
⁸. 79 1111111111..,111
911111111ο1Τ,1,196.1,966 Patrai Τ. 111166. 11,499
91111116 1, 968, 6111, 6916 Ρ.1161.1,111,11,111111 1, 666,
61161111611661 49411,.448,1,9.176.1,,499,416,
9161661696 11,191,111,9,968. 19146 1⁸⁸
91111Τ,,1,699 1111769 9,1,.6,976 1,6,,68..1,1694
111,9,164,194 91111111. 1, 996
91111111Τ166467 699 11117911,91111111Τ,1,.166 111,166,1,9Ν,6Ι.
611,1,198,179.991989,11,699, 446.11,449,111,99
61614668,1111,64.667,616,716,91616161461646
11,117,1,,761867, 11,,66 996679. 9161111Τ,11,16,11,614. 1111, 67
694.696,669,111,197.9.11,1,94,911111016666
1961119166,11,6,44,1,.9.64 911619.11,169.6.111,6.169

 

