111 11111911· lxxxv

Franoa T. 19, 981. 11889. 111888. 81984. 111916. inan
911111. ix. 111. a 11, 1. ra 1ιιιιι1 r. 1, 111. 11, 111. 11, er. 111.
1111111111111 111. ι11, ani. 1111111111. 11, 11.
9113911911, 664. 799. Mi, 1. 148 668. x, 814. 11186191. 111864.
11111111. nn 111. 11, a. 11 s, 11. 11. 11, 111 ·
rugum Τ. rii, 488 Fratribus T. ’11,149. 111, 816. 1111, 818.
9111111111 Τ. 1, 968. vii, 67. 119 11, 999. 11476. A. 1, 119
anrnina T. 111, 486 Fratris T. i, 999. 11819. 868. 887. 416.
11161111111111111111. ι, uuo. 1.,11. ιι, rur. xi, 111111 ·
887. 898. 11, 117. 448. 111, 198. 816. 689. 667. xii, 467. 8. iii, 4. 9. 11, 9.
1111, 848. 499. 1, 96. 11, 89. 111799. 66
811.66.1111.189. 11, 8. 69. A. Fratrum Τ. i, 196. 11, 474. 1197. 11,
11687 359. 9111861 2³⁶· 913981ω1 wo·
9111011911969. 664 694. 81166
9113111111 T. 1, 888. 1141. 918. 691. 9111111111 Τ. viii, 869
889. 111, 797. viii. 14 91116161 S. 1, 9. 961
9 range A. 1, 666 Fraudatum Τ. ri. 186
91111161119ηἰ1697. 8. iv, 6. 49 Fraude T. iii, 616. 11, 677. 11, 149.
9111116118. 1,8. 194. A. ii, 16 894. 1, 899. 949. 699. 791. S. ii,
91111119191146 8. 19. 111, 8. 6. iii, 6. 19. A. it,
9111131119. 1, 76. 11667. 1, 417. S. 46
111, 4. 74. A. 11, 494 9111116111 T. 1, 817. 1, 941. 11, 664
9111111119111684 91111611 Τ. 111, 988. 1, 686. 11, 488. A.
Frangi T. 1, 689. 1, 699 1, 988
Frangit T. 11971. 1111686. 1. 878. 91111619.11,914.1,199
889. 711, 676. 111989. 8. 111, 9. 49. Fraudibus Τ. 11119. 8.1,9. 89. A. 1,
ih,- ³⁶⁴
Frangite T. 1, 167 Fraudis T. ii, 489
Frangitur T. i, 861. 1, 879. 11817. 91116111181111. 89
11, 471. 111, 669. 8. 1, 4. 89 911111Τ. 11, 689
frango T. viii, 69 91111111 T. v, 666
Frangunt T. 1199. 868. 11667. 486. 9111111111 Τ. 111969
691. 8. 1, 8. 7. Α. 1, 879. 899 9111111111 Τ. 111716
Frmgnntnr T. viii, 469 9111111111 T. 11, 981. 11, 198. viii, 717.
Frater T. 1, 869. 11,499. vi. 477. 616. 11, 494
vii, 189. 878. 886. 649. 11, 68. 449. Fregere Τ. 11, 174
1, 81. ai. 948. 996. 864. 894. 666. Fregerunt A. 1, 964
667. 111, 69. 889. 841. 869. 488. 449. Fregi A. 11, 194
s· F, 1. m· 11, 61841 111818161193. Fffgisse Τ. lii, 58⁵
1,9. 196. A. 1, 699 9113111118111116
91111111 T. v, 487. 11, 699. 11, 68. 499 Fregit T. 1, 168. 1198
Fraternas T. 1, 1. 164 Fremebnnt T. 1, 888
Fraterni Τ. ἰ, 499 Fremebunda T. v, 944. 799
9111111111 Τ. 11, 919 9111111169 Τ. rii, 769
Fraterno T. ii, 118 Fremant T. 111, 681. iii, 8. 181
9111111111 Τ. ii. 118 911111111εωΤ.11,796.1,78.11997
9111111111 Τ. 11, 988 9111111111 Τ. 1, 848. iii, 998. 11,488.
Fraternas S. 1, 1. 68 111, 684
Fratre Τ. 1, 899. 11, 846. 111, 787. 1111, Frumentis T. iii, 696. 11, 498
97. 11, 976. 8111, 1. 41 91111111 T. 11, 999. A. ii, 988
Fratrem T. ii. 197. 188. 894. 489. 687. Fremit T. 11994. 111, 618. 11,]9. 1, ·
111467. 698. 1111, 468. 618. 11, 979. 488. 111118. 11, 678. 1,998. 676.
644. 1, 581. 11, 168. 868. 896. 678. A. 1, 981
xii, 889. 8. 1, 8. 149. A. 1, 946 Fremitu T. 111678. 11, 96. xii, 866
1111111111111111. 111, rur. Fremitu.. 1. ι, 111. vi, 1111
696. 11, 898. 1, 489. 11991. 486. 9111111111Τ.1,147. 81948. 1661.
111, 919. 991. 996. 898. 418. 788. 1119. 79
viii, 69. 79. 686. 1, 664. 891. 11188. 91111101 Τ. 1, 147
1111119191 1111111111 fremuerunt 1. vr, 111

 

