111 81111014.

0111111111 A. 11, 10

0110111111. 1, 000

Perusinum A. 1, 481

Ρ1η1111111 Τ. 11, 108. 1, 401

0111111111. 1410

Putavit T. 111. 404

101111Ιαί11 Τ. 111, 040

romum· Τ. 111, 880

1111111111, 10. 111, 801. 111, 740. 11,
141. 411. 111111

Ρ111110118. 1, l. 141

Temni-s Τ. 1, 108

Pervenit A. 11, 01

Perventum T. 111, 108

rervm· T. 1, 00

ravi· T. 1, 840. 111, 140. 11, 480. 111,

Pervigil T. 111, 000. 1111, 800. 810. 1,
180. 111, 100. 8. 11, 0. 18

1111151111 Τ. 11, 180

Pervigila T. 11, 880

101111ςίΙὶ 8111, 0. 8

Pervius T. 1111, 40. 8. 11, 8. 18

1111111 Τ. 11, 180

Petunti· 8. 1, 0. 18

Pa Τ. 1111, 800

Pam Τ. 11, 888

11111111 T. 11, 810

11111111. 111. 0

10111111. 11, 888. 8. 1, 4. 100

111ίί1111 Τ. 1, 080

Ρ11111Τ. 111, 088. 11, 810. 1, 184

Ρ11111Τ. 11,108. 1, 11. 111, 410. A. 1,

Ρ1111Τ. viii, 010

Pete 8. 11, 4. 0. A. 1, 80

Petebat Τ. 11, 800. 11, 100. 8. 11, 0.
011ω

Ρ11111011 Τ. 111, 880

Pondus 8. 1, 0. 01

Petam Τ. 111. 080

Petam 8. 111, 0. 00

Petam T. 11, 188

Peteon T. 111, 888

Petere Τ. 111, 400

rem T. 111, 008

Ponetur T. 1, 100

Pete· T. 11, 844

reti A. i, 000

pedm 81 T, 81 ιω

Penii T. 1, 08

1111111111. 11. 818. 001. 11, 4. 88

Μηωοωὴωωο
088. 841. 111, 800. 11, 840. 111, 141.
8· 81088. 1,8.1.Δ.1,8Ι.1ὔ.
11, 81. 844

Petit· T. 1, 810

Potin 8. 1, 8. 80

Potitus. 11, 0. 0

Ρ111101 T. 111, 800

Petitur T. 1, 880

1111111 8. 1, 8. 10. 11, 0. 18

Ρ111111Τ. 11, 000

Peto T. 111, 800. 11, 00. 080

1011111 T. 1, 888

Ρ11111Τ. 11, 810

Petulffl s· 1, 2. T· fl, ⁸0 ²³· 11, 61

Petunt T. i, 001. 81, 8. 00. 111, 4. 08

Peuce S. 1, 8. 181

11111111. 111, 111

modim· T. 11,070. 11, 008. 000. 1111,

mutant· T. 111, 418

1111111111.1,111

Ρ11111111118.11,4.0 .

1101111111111

Phalantum T. 11, 181 ,

ΡῙἈΙΙΙΙΤ Τ· 11, 888· 1112871 18118881
1111, 808. 11, 140. 1,148

Ρ11111111 T. 1111, 001. 11, 400

Phanai 8. 11, 0. 80

11111111 T. 11, 108

Ρ11111111.11, 488. 1, 444. 8. 1, 8. 14.
11, 8. 81

Pham T. 11,0. 011. 111001. 1111,
414. 1., 141. 111. 111, 111. 11111.
u. iii, 1. 111. 11111. imm

1111111111 A. 1, 847

Ρ111111111Τ. 1, 008. 11, 848. 001. 11,
800. 11,14.081. 11, 081. 804. 111,
088. 8. 11, 4. 80. 1,1. 180. A. 1,

memte Τ. 1, 000

Ρ1111111111 8. i. 8. 04

Ρ111111111ο T. 11,004

Ρ11110111118η, 8. 88 -

Pham T. 1, 118. 11,100. 11, 184.
εἰ. 11010. 111, 100. Α.1, 100.

1111118111, 8. 108

1111118. 11, 0. 00. 1, 0.00

1111111.1,111.1.1,111

Ρ1111118.111,0.118

1111111111111. 111, 1. 81

mrum 11, 100. 1,11.. 11, 818. Ais,

Mosa, 1.048

Phario· 8. 1, 8. 844

Pluris T. 11, 880

Phaino 8. 111, 8. 88

Pauo 8. 11, 1. 71

thT. 11810

111111. iim. 101

8111111111, 810

 

