11 11111111. ciil

mmmmm τ. 11, 1. 1111111111

1111111..111,411 huminem 81194. 8111. 11. 111, 1.
111111. xi, 41. 811111. 11,1. 118 11. 111, 1. 191

1111111818,1.198 Ῑ1111111Τ. 111, 774. 1111811188. 8.
111111111811, 4.8 111, 8898

1111111111 111, 189. 898. 11, 119. 8. 11, 111111 Τ. 11, 999. S. 1, 8. 88
891 111111111Τ.11,898

Initum· 8. 1, 1. 49 Immitis T. 11, 889. 8. 11, 9. 78. 8. 111, 8.
1111118111 8. 111, 1. 78 79. Λ. 11, 889

1111118111Τ.11,187.484. 1,188898. Imminere S. 11, 8. 71
1111111. 11,14. 11141111. 11111111. xi, 411
1888. 881. 111, 178. 881. 988. S. 111, 1111111111 Τ. 111, 49
8. 181. 1114. 87 1111111111.111.881

1111111111. 11, 988. v, 897. 81118. 1111111111 Τ. 1111, 888

78 1111111111 Τ. viii. 899
11111111. 111, 888 1, 89. 11, 198. A. 1111981111 Τ. 11, 898

1,188 1111911111 T. 11, 898
1111111811 Τ. 1, 188. 111, 888 - 1111198111 T. 11, 117

1111111111 11, 148. 11, 489. 781. 11, 1111811118.1,1.847
849. 111187. 8.11,8.8. 11,8. 188. 11198111111, 41

A. 11,899 111111111Τ. 111719
1111111111. 111, 48 11111111 Τ. 111, 849

1111111111 T. 111, 477 1111111111 Τ. 1, 481. 11, 19
Immemor Τ. 11, 197. 1, 891. 11,794.11, 11111111 Τ. 11, 988

788. 1, 498. A. 1811 1111111111 Τ. 11,899. 888. 1111799. 8.
Immemorem 8. 1, 899 1,1.77.11,8. 18

Immemores T. 1, 848 111111 Τ. 1, 881. 11, 98
111111111Τ. 11, 89. 11, 14 1111111118.1,1.174
11111111 T. 1, 888. 8. 1, 8. 888. 8. 1, 11111111. 111, 889

4. 189. 1, 8. 78 11111111 T. 1, 788. 111, 197
lumem 8. 1,1. 84 Immotos 8. v, 8. 18

1111111118 iii, 498. S. 1, 4. 7. 11,1. Immotum Τ. 11, 189

11. 1, 1. 848 1111111111 A. 11, 888
1111111111 8. 11, 1. 819 11111111 Τ. 11, 891

11111111 Τ. 1, 8. 889. 8. 111, 1. 111 Immunem T. 1, 948. 11, 198

1111111118.1ν,8ζ48 111111111Τ.1,188. 8. 11, 1. 888. A. 1,
1111111111 T. 11, 888 488

1111111111 T. 11,899 1111111111 Τ. 1, 888. 11,98
Immergere 8. 111, 1. 119 1111118111 Τ. 1, 818

1111111ςὶ111 Τ. 11, 884 1110 Τ. 1, 897. 11, 818. 1, 871. 11, 899.
ἭΝΤ. 1, 884. 8. 11, 9. 98. 1, 8. {istm 8. 1, 9. 88. 11, 8. 8. 11, 8.

1111111111 Τ. 111, 891. 11, 988. 111,898 11111811, 844. 8. 11, 8. 89. 11, 9. 4.
1111111111. v, 884. 111, 88. 1,4 mmm “

1111111111 Τ. 11. 87 11111111181, l. 187
1111111111. xi, 411 111111. 1. 1, 141

1111111111 Τ. 11, 918 1111111 T. 11, 148

luminu· T. 11, 997. 8. 11, 1. 177 1111111111. 11, 488
1111111118.11,8.49 1111111111 Τ. 11, 898

1111111111 8. v, 8. 19 Impar T. iv, 498. 11, 489. A. 1, 888
1111111114 8. 11, 7. 89 11111111 T. 11, 198

Imminet T. 1, 989. 11,198. 11881998. 11111111 Τ. i, 888
1111111. 1,149. S· 11, 8. 89 11111111 Τ. 11. 999
11111111 Τ. 111, 817. 11, 478. 8. 111, 8. ImpmtinT. 1111899

98. 11, 8. 84. A. 1, 981 1111111111 Τ. 1,189. 111, 998. 11, 818. 1,
11111181 Τ. 11,888 198. 8. 1, 9. 88

1111111111. 111, 888 1111111111 Τ. 11, 878
111111111411 1111118111 Τ. 1, 888
1111111111 111488 1111111811 Τ. 11499

 

