111 , 11111111

1,8.47. 1 111, 180. 111, 770. 8.1,1.107, 11, 0.
0111111111 T. viii, 00 88. 11, 0. 40. 44. 1, 1. 18. 08. 1, 8.
0111111118111, 8. 100. v, 1. 188 00. 144. A. i, 888. 11, 870. 480
01101111 Τ. 11, 80 0111111 8. 1, 8. ll
0111111111.111,880.111,700. S. 111, 8. 0111111Τ,11,088. 8.1,8.40. 18. 70.

118 1,1.180
0111111111 Τ. 11, 001. 8. 1, 8. 18 01111Τ. 11, 480. 8. 1118. 04. 1,1.01.
0111111111 8. 11, l. 01 1, 8. 47
0111111101Τ. 11, 800 01111Τ. 111, 444. 11,801. 11, 770. 8.
0111111111οΤ5 1, 47 11, 7. 84 1. 8. 88
0101111173 11, 808 0111Τ.·“111,818.804. 1,888
01λ1.1111111Τ.’,11,188.11,88.80880.0118.1,1.07.11,7.108.11,8.18.Α.

11 108 11, 087
0111111111Τ. 111484 011Τ, 1, 870. 11, 10 180. 180. 1, 888.
Damam. .1. 11. a ..1. 111 111. 011111. vi, 111. 1111111111.
01111188111. 180 111, 788. 11, 478. 708. 888. 1, 17.
0111118118.14.7 408. 810080. 11018118. 111,
01111117.11,.8881,.,.4811708.811, 4.,..881180810 ....18818180.

1184. 111. 8. 8. 11, 7. 08 Δ.1,188.881.410.418.11,810
0111111Τ.11,.481 11108 11180. A. 0111Τ,· 111,1..08888. 114. 878. v·

11810 087, 1111,.180 1,..788888 8.1,8.
0111111Τ. 11,,1 1111,487.11,088. 1, 81.11,7.00.Δ.1,408,11,118

714.8.1,8.008.8·1,800.447 01111011,Ιὶ
011111Τ.11,887 011111 1, 487. 788. 8. ist. 881. 11, 8.
01111811 Τ. 1, 884. 111, 884. 111, 100 7. 111, 8. 88
0111101110 11, 480, 1, 808 011171 11, 178. 478
011111Τ.·11,000.“11,188.11008000. 01111Τ.1,884,11,078.1111,888. 11,

080. 111, 808. 1111, 881. 11, 141. A. 384. 880. 111, 47. 181

1,.08 888 11, 088 0118111800.11,870.1,018,Δ.ῑ.
Dn'nisT. 11, 848. viii, 088. 111, 808. 000. 11, 180. 888

710. A. 1, 818. 11, 000. 888 01101Τῦ1408. 111, 1⁰. 8,,18.180
01111οΤ. 1111, 488. 11, 088. 1, 888. 01111οΤ. 1, 848. 488. 11, 48. viii, 801.

811,11,008.688 11488, 1114814118. 8.11,..184 111.
0111111110. 1,18. 81. 808. 111, 80. A. 88088

1,880 011111Τῇ 111, 810. 480. 401. 1, 808. 11,
0111111101, 840. 1,818 880.111,818.1,814.11,·870. 111.
01111Τ111111108140011880 7718188014ὓο 111880

001. 111, 70. 077. 400. 488. 11, 078. 187. 111, 8. 4. 0. 11, 8. 10

784 x. 11. 877. 088. 8111, 1. lam. 01111οΤ. 111, 780

1108 01111118. 1, 000
011111οΤ. 111, 800 1111111111ῧηὶ, 018
011118. 11, 0. 81 0101118111,0.107.Α.1,88
01ρ11Τ.11,84.08.11,807.1,101. 0111117.111,08.1,117.111,818.11,

1111, 048. 1. 00. 81οΗ108 18148. 188. 11, 188

04.11,1.00.11..44.111,1.78.111,.8 01111181Τ. 111, 844

107.100.11,08.1,.1181.Δ.101111118.,1,8188

100. 184. 11, 884 011Τ.’·11,008. 11,880.1111470.11,
01811111810, 181 714. 811. 1,.80 wi). 081. 111, 888.
01ρ111111Τ.1111,484 800. 81110108
011118111Τ.1.714 0111 Τ. 1, 4. 111481. 11,710. 1, 80.
1)..1...1.1,1.111..,1.111 111. vi, 16. 1111111. ..111. 111.
0110110118. 1. 8. 48 184. 881. 11, 004. 478. 111, 484. 8,1,
, 1111111110. iii. 161 1. 1ο, i, 1. 1. 11. 111. 1, 1. 11,
0110111111 A. 1, 80 111, 4. 80. 1, 8. 18. 811. Δ.1,·
0110111181,1.0 000. 480. 11, 04. 040
0118111118.1,0.108.1·.8“.178 Dean. 1111, 788. 11, 081. 1, 088. 840.
0118111181.8.007.8.1,01 8.1,.014.11.8.08,81, 1,1,018
Due T. 111. 888. 1,118.487. 11004. 0111111888.8.1,1.180.0.”11,888·

 

