TN 6Τ4Τ444Μ.1χχ4χ

71146114. 44764 1111161,111,1.,111.1,111.111,
11141111Τ. 41,600. 14,· 1,100 14,807,1141,666.1,.21766. 8.44..4
ΤαοΤ...16614,140.41,6.78.41,4 22.1,,614
78..11.186.1..,244Α.4,144 111141116.14,.728
1116611841. 6. 67 1..111.1.1.,111.8111116811
111116841611. 1, 2.46. 416 111141Τ.” 1, 444. 14, 168. 144, 146
1614611184, Au Τ111111Τ. 1, 64. 14, 66, 604, 646, viii
111117. 118611. A„ 666. 41, 8681, 140. 11, 107. 814,
ΤιὶῗθΤ.4,446.762.,14666.8.44,.4 Ἇ60116160116701164
11446
ΤαυιΤιί 716 41,,662 82.st 647 11111114Τ, 1, 660. 81247 261 41,
8.4,.478,1,6.464..,614464 6.61.,6.428446.44,81
Τ11111·1Τ. 114, 766 1411111111Τῇ 11, 701
1111111Τ, 1, 610 Τ111111Τ.·1,626. 1,114. 1,108
1111111τῇ 1, 641 111111Τ.··11,62. 144,]20,111,761,14,
ἲα16646Τ. 141, 44 716. 8.4, 2, 266. 14.44,Ι2
11111111.1.,111..11,111.11,11 14111411111Τ,Ι 114, 261, 14, 476. 788. 114,
1111111111Τ. 1414, 708 172, 11, 264
⁰ 1111111111.11,166 1411661Τ.· 1, 468. 666. 626, 41, 42, 268.
TmT. 1, 476626. 14, 666. 444, 666. 11,116. 642. 111, 68646464. 446.
666. 41, 6Ἁ646. 1, 267. 11, 666. 1444, 4664. 242. 41, 6. 102, 680. 1,
72816660111121681666111 20,·66.781.14,,2028.4,.2.16
8281. 266. 14, 621, 114, 646, 8.· 1, Τ1111111111Τ.· 11, 282. 612, 14, 76. 107.·
1,61.18116.11.1..1111111,..111 111 408 ,414 682
1,6.466. 11,1,140.161.61111,18 1111411.11,111,6.1,1.41
211111Τϋ1,106.11,61. 111. 161, 666, 21111111,1141,.74 &mss
41, 161. 220. 600, 1, 666. 144, 46. 11111Τ.·’ 11, 688. 646. 444, 66 78 1, 607.
1414, 66. 412. 1,626 “ 14, 416. 766. 141, 147. 140, 1444,
11111481, 6. 10 416. 11, 166 267 611. 668786, 1,
Terreuqu 11, 442 267. 114,111,149,11,118111.
Ferri'T. 4, 448. 41,416. 661. 666. 14, 144, 668. Sd, 2. 141. A. 1, 64614,
82. 144,22.644.616.1444,124. 41, 178446
488. 662. 602. 1,,664 14,644.141, 1.1.1.111,111.11,111.11611111,
664..84,6.66,41,..641,1..821, 661116266466116688112
2.174..644,464 68.44,.616,,Αὶ,624
ΤαῐοΤ.· 1, 81 622. 11,487.161.667. 1.......111111811111
669. 65461. 171. 270. 666. 61011, 441114Τ. 111, 208, S. 111,6.11. A. 4, 246
6. 44. 86. 461. 616. 676. 766. 1. 127. 1111111616, 41,766.842. 14,244.
m. 164214214681616001. 14, 144,461. 1444, 216. 644, 246. S. 41, 2,
66. 166. 667. 766. 611. 144, 46. 66. 66. 41, 6. 466
166. 611. 662. 614. 706. 1444164, 1111111111111111. 8,4.1.87.
482. 11, 226 262. 606, 606. 674. 1, 1, 2, 66
6.171.210.642.641.14606144,1114111314,46.144.41,774.1111161.
66667781167146211111 8,4,,466.1,.44
124. 41, 6. 61, A. 1, 466. 484. 667. 111111111Τ.·· 114, 466, 41, 468. 144, 467.1 1,
14,.662448 688,144,664.8,4,6,..47Α ,181
141111134611111Τη, 800 1111111Τ.·· 114, 662. 1,.60 604. 411, 846.
2111113111111121411 11,7.8.4,..12444,,.11611446.
1111111112 1614 44416 4418084 41,....616126
41, 1111141111. 1,166. 14141260, 11111411, 666, 141, 272, 41, 461. 14,
m. 144,26. 66. 640. 11111111. 116. 42. 024. 84, 4. 24011, 7, 60.·144, l.
442.11,16,81.762,766,1,286. 44. 444,,2406. 444,4, 24106
608.661.811.1111,11,11,111,611.1611811661
661. 686. 144, 227..286 716, S. 4, Τ11111·1·,·14,88.11,840, 1,161. 444,1.
676616141114661111187 78.444,.67041,,86
11111.1,111111,1ῐ,111.111,111,111..1.ι.,611.1,111.11111011,
66. vi. 468. 446, 1444, 461, 41, 666. 716, 14, 126. Astu, 148

14,277. 8.4ἱ,..266 411,.6207.41,Τ111411611814.1.126
’4. 46. A 4,46 festinantius. 144, 4. 21

 

