11· 11111111. xxvii

1101 1111111111. 11111 111111. 1111.
011111111191 084. 11, 800. 8.1,4.04. 10170·
8111]1“1118.11,0.08 Δ. 1, 440
Be eiiT. 111000 11111111.11,111.11,111.11ο.111111.
Beli ιΤ. 11. 001 11, 0. 000. 707. vii, 118. 000. viii,
81111 T. 1 00. 44. 708. ii, 100. 010. 744. 11400. 040. 780. 1717. xii,

008. 040000000700. 01111111. 007. 8.1 1. 00. 11, 0. 40. 11, 4. 00.

000. 000. 000. 1170110.οἋ 040. Α. i. 110. 000

001. ῐ.048.11.117.140.011.407. 8111081001. 11480. 111 00. 140.

800. vii. 080. 001. 400701. viii, 70. 010. 004. 040. 000. 400. 440. 700.

001.070.000. 014. 11800800800. 11, 71. 110. 100. 000. 010. 700. 1.

x, 001. 004. 400. 000. 700. 1100. 081047. 11400. 1111111111.

01.07.110100.108.171.040. 401. 000. 1111111111. 1181070. 1,

400487. xii. 7. 40. 84. 080.001. 001. 701. 700. 111. 100. 011. 000.

701. 8. 1 l. 70. 11, 1. 010. ii, 0. 18. 440. 004. 780. 8. 1, 4. 70. iii. 0. 100.

00. 1111111101. 1110.7.11, 110.0. 11000. 1000. M.

1.14. 11004. 07. 10. 100. 107. 41811100

11180. 100. 407. ’0, 041000. 004 81111117. 11, 710. 110. 11111111.
8111101117.111,010 1111048. 111111, 800. 11410.
0111111οο Τ. v, 70 111111. Δ. 104
01111111 T. 11010. 11, 400. 111, 787 8111111111.111,111.111.111.111 11
0110111111.111,111.11,111 001. 11111181. 1111111. 11001.
1111111111..111,111 111, 70. 074. 704. 8. iv, 0. 00. v, 1.
8111111 Τ. 1, 744. 11800. 111111. viii, 100. 10. 47. Δ. 11. 180

000700. 1110000701. 11000. 81111111Τ. iii, 71. 000. 11100001.

RV, 1. 100. 10. 108. 11100000 0011100070. 11, 0. 014. 800. 111.
Μ111118. 1 0. 10 000. 010. 000. viii, 001. 007. ix, 00.
0111111181000 1. 014. 000. 780. 11408400.ωο
neum. 11111 111. 111, 111. 111. 111. A. 1111.
1111111111. 11, 000. iii, 001. 11, 000 ii, 000
8111111111 Τ. xii, 000 8110111οΙ
8101111111 Τ. 1111, 077 8111111111 Τ. 11000. 111800. 111044.
Μωήεω Τ.,00107 81000111 ¹⁶10 ffirza' 00005οῃ
1111111111 T. 11 080 8111131111Τ.104.1,010. 0. 110. 40
nennium T. xii, 070 81111111810. 000
1111111.. i, 040080. 0111111110. 8111111118.11,0.0 .

11,4.100.100. 001. 800. 000. 000. Benigno Τ. vii, 070. 811810. 11.

000. 700. 1, 0. 140. 000. 1181100. 70. 108

171.001.004.817. 1111. 00400. BenssgnonT. 1111044

400. 000. 707. 808. 1111111411. 8111511111.11,000. xii, 810. 8. 10

400. 400. 000. 000. 000. ix, 78. 008. 100

401. 000. 004. 700. 100. 108. 000. 0011511118. 111, 000

400. 000. 048. 700. 704. 11000. Berecynthia T. 11, 7

071. 481111, 0. 00000. 000. 714. 8. nih-m Τ. xi, 170

i, 1.10. 1, 0. 00. 10000. Δ. 1410. Biha 8. i, 0. 007. Α. i, 400

470. 400. 11 00. 000 8111111118. 11, 0. 04
Belua T. iv. 080. 1000. 1111, 000. xii, 8111111111 Τ. 111, 000

000. 8. 111, 0. 00 Bibenda· 8. 11, 7. 11
Bellienus. 11, 0.0 8101111111 Α.11100 .
Βοιιῑ...1.111,111.111,11 1111111111, 0. 010 '

Belliger T. 111, 0110. 111040. 11111. 8111181, 0.7

117. iv, 4.70. 1, 000 81111111 1080. 11404. 11410. viil.
811Ιί311117. 111717 00011000. xi, 010400. 8110.
8111113111 Τ. 1, 780. 8.111,1.00. iv, 0. Ἐξ. iii-T.. 0810. 1, 000

1 111 At,

1111111111. s. ..1111 1111111111. 111111
mum. 1. ai. 111. 1111. 111. 1. 11111111.. 111

1 m 11111111 111
dammandum 1111111111

 

