lxxviii 11111111

Τ1111111“.1,383. 111333. 811311. 81111111 M. 39. 81331
Α. 1343 , 1311811193
Fauno T. 11, 319 8111111111 i, 377. 433. 111, 413. 11, ,
1.......1111,111.1.,141.1111 111. ., 111. 111111. 111111. zos.
81111101 S. 1 3.99 1111111111. 111333. 813184.
Favonius S. 111, l. 73 11, 3. 1. 11, 1. 43. 111, 3. 73. 1, 3.·17.
111011 Τ. 1111, 301. S. 1, 3. 88 Α. 1, 113. 413
FUVUTCD Τ. 11, 8291 Χ11, ⁰⁴⁴ Tm! Τ.11,9541 1119991 ‘⁵⁸0 bllfl·
Τ11011Τ.11,493 111, 391. viii. 333. 11, 133. 1141.
8110113111 T. x, 183 11, 133. 111, 48. 97. 343. 8. i. 3. 373.
1111111118. 11, 7.88 11, 3. 39. 111, 1. 39. 11,3.49. A. 1,
Fu Τ. 1, 308. Α. 1304 133. 439. 337
Fue T. v, 338. 111178 8111111, 338. 1383. viam. viii,
11111111. 1.. 111. s, ii, 1111 11. 1.,1111 111111. 111, 1 11. 111,
Fecere Τ. 1177. 111431. 831. 11, 711. 3. 33. 11, 3. 13. Δ. 1, 319. 333. 333
111, 483. Α. 1, 377 11111Τ. 111, 383
Fecerunt S. 111, 3. 43 1111111111 S. 11, 3. 13
Feci T. 11, 173 81111111 Τ. 11, 133. 111, 334
1111111111.11,937“ 111111111111. 433. 11, 313. 11,
11111111. 111793 133. 331. x, 783. 111 134. 11,3.41
111111. 11, 133. 111331. 111, 433. S. Petebat Τ. 11, 384
111, 1, 111 ‘ 11111111111111111. 1111111111,
1111111111111743 131733. 11, 333. 333. 111349. Α.
1111...11.1,1.111 ii. 141111
1111111 T. iii, 148. 1, 741. 11, 833. 1111, 1111111118111, 3. 31. Α. 11, 333
193. xi, 33. 334. S. 1, 3. 333. 111, 3. 11111111. i, 393. 341. 11, 331. 343. 711.
141. 11, 3. 03. 1. 3. 139 iii. 331. 304. 079. 11, 393. 1, 372.
Felici T. 1111, 387. 11, 383 378. 033. 11, 033. 990. 11181838.
ianm. 11, 1111. 11111. 111111 1111. 1111111. 1.,111. 111111. ¹s„
felicibus T. 11, 483. 11, 733. 111, 493 1, 3. 334
1111111111. 11, 731. 111191. S. 114. ferente 8.1,1.37
37. 111,ι.111.111.1.11 8111111111 Τ. 11117. 1, 449. S. iii. 1.
Felix T. 1, 313. 11, 19. iv, 387. 1, 431. 133. 111, 3. 38. 1, 1. 318
11,333.111,384.339. 1111, 333. 11, Torento A. 11, 138
723. 1, 403. 499. 813. 81, 1. 73. 1, 31111111. 111, 103. ι, 131
4.41. 100. 1, 3. 48. 111333113. 311111.11,111.11ι.111,111. 8113.
19.101. 132. 11, 7. 24. 112. iii, 1. 2⁶. iii, 4. 34. 11, 1. 39. ,41111111
33. 111, 3. 33. 31. 84. 134. 188. m. Feret T. 11438. 8. 11, 3. 33
11111.11,1.11.11,1.11.111.111. 8111111Τ.1,333
11,3.88.11,8.49. 1,1.34.193. 1, 8111311Τ.111,318 .
184132. 110. 1. T· 1111136. 1,3. 11111111118111. Δ. 11410
11. Δ.1,111.111.11,1111 · . retiati. 1111
Femur T. 11333. 11, 333 Feriam S. 1, 3. 3
1111111111 Τ. 1333 1111111111, 3. 41
fenestris S. 113. 73 11313431 Τ. x, 913
Tem Τ.1, 113. 11,333.11,449. 1,13. 8111111111731. 11333, 8111138
mmm. 111188. 111333. 1111111111.1111,333
11, 793. 11, 364. 811, 1. 38. 141. 11, reric· T. iii, 84
3.11 , 1111111111.1,141
1111111111. 111, 331 Petis T. 111, 113. 1111, 338. ix, 317. 1,
Tem T. iv, 141. 1191. 111434. 1, 433. 193. 111, 133. S. ii,1.11. 1111.
111. 1111111111. s, 1, 1. 1. ii, 1. 111. 1111111)
2³⁰· 1118 Tem Τ. iifl ⁶⁴¹⁸. MT· m· ingno- m·
ren10·r.vi,1so v. 111. 11111111111111111.
ferali?- 1111 iiim 111. 11111111. s, 1. 1.
remmia. 111. 11, 111. S. v, 1111 m. 11. 1111. 111, ι. 111. 11111.

numm· 11, 6911 9111118191 hym· s· A·i2‘w
11,4. 99. Α. 11373 11111111.11,39.184. 1, 833. aii. 3.
11111111. 11,444.’ 11134. S. 1, Lm 33. 1, 3. 33

 

