111111 111111

01111111 Τ.11,011. 111, 000. 000. 010. 1110. 11. 0.11, 100. 181
11111111. 1111111. 11111 rmum 1. 1111 11111. 011. 10.
111,100.111,010.000. 0.11,0.00 000. 11, 101. 1, 00100. um

0111111111 Τ. 1, 011 108. 111, 0. 00

01111111 Τ. 11, 100 01111111.11,000.8.11,0.10

rmum Τ.111,100. 11,000. 81, 0. 011Δ111 T. 11, 101. 111188. §.mmm
100 .11, 01

unquam 8.11, 0. 00 0111111111 T. 11, 000

Frequenter& 11, 1. 100 01111111 1.11, 010. 1, 010. 11, 100. 1,

frequenta Τ. 11, 101. 8.1,0.100 000. 111, 00. S. 1, 0. 110. 11, 1. 2⁶

Frequenter 8. 11, 1. 1 Fruuntur Τ. 11, 01

unquenti 8. 1, 000 fruemur 8.1,0.10

0111111111. 11, 000 fruendi 8. 11, 0. 100

01111 Τ. 11, 000. 1, 011. 010. 000. 11, 01111118. 111. 0.180
00. 11, 001. 1,100.010. 11, 110. 111, 1111111110.1,111
010. 0.0,111.11,1.11.11.11.111 01111111 Τ. 11, 000. 1111001 ..

01111 T. 111, 101. A. 1, 00 01111111 Τ. 111, 000. 111, 100. 1111, 011

011111 ΤΛ, 10. 11, 100. 010. 111, 100. 01111 Τ. 1, 001
1.1,11.111.111.111. rurs 1111111111. vuum. 111. 11, 1. 11

01111 A. 1, 001. 11, 000 0111111111 Τ. 11, 810

Fretum T. 1, 000. 111, 000. 1, 001. 11, 0111111111.11,100
101. 111, 810. 0. 11, 0. 0. 111, 0. 0. Fruuntur Τ. 1,000. 111, 00. 080
001, ὅ. ue Δ. T, πο ωε ii, ¹¹⁰· ”²0 rum s· 111, 21 ¹¹⁹
000 Pudere T. 1111, 000. 81,1.001

0111110.11,100.11,100. 11,001 01111111 T. 11, 01. 111,οὅ

reseruemur. 100 0101 Τ. 1, 010

frigentibus T. 11, 000 11111111. 11, 010

0113111111.111,001 0111111. viii, 000. 111, 000

Frigeutum T. 111, 101 Puerum 8. 1, 0. 11

01111011.1,00.11. 1, 00. 111, 00. 8. 0111110. 111, 1. 00
11, 1. 110. 111, 0. 00. 1, 0. 10 0111111118. 11, 0. 00

11111111.1ι,111.111 0111011, 000. 111, 000. 1, 000. 11,

01111101. 11, 000. 111, ulo. 8.1,0.100. 010. 001. 000. 111, 000. 1111, 000. 11,
11. 1. 1111. 1.,1.11. 1,1. 111 111111. ..111, xi, 11. 111. a 11.

Frigore T· 111, 6η 0111, „⁶0 il, ul· ⁸· 181 10, ⁴· ¹²· V, ιω
x, 108. 11, 000. 8. 111, 0. 01 0115111 Τ. 1, 10. 8.1,0.18

01111111. 11,000. 8.111, 0. 00 11111111. 11,000. 111, 000. A. 1,

01111111Τ. 1, 000. 01111111. 111, 110. 000

A. 1, 0. 010100 013111 T. 11, 010. 000. v. 108. 010. 011.
0111111111. 11, 000. 111, 100. 11, 000 000. 11, 001. 000. 000. 11, 00. 000.

01110111111Τ.11,000 010. 1,10.000.100. 11, 00. 111, 100
0111811111.11,011.1111,10 01111111. 111, 00

0111011111 8. 1, 0. 00 01111118.1ῑ1,0.8

randena· 8.1,0.0 rugai A. 1, 100

Fronde· T. 111, 010. 11100000. 111, 01111 Τ. 1111, 010. 1118
000. 1111111. 11, 000. 1, 000. 8. 11, Fugam T. 1111, 001. 111, 010
0. 0. 11, 0. 01. 1,1.00.100. v, 0. 0111111011, 010

100. 000 Fugere S. 111, 0. 10
fronderet T. 111, 000 0111111.111,100.001

011101011011, 100. 11, 111. 001. 000. 01111111 T. 11, 100
11,000. 8.1,1.10. ἰ,0. 10. 11, 0. 0111111. 11111
00. 111, 1. 10. 11, 0. 0. A. 11, 10 0111111111. 111000

01110111. 11, 000 0111111 Τ. 1111, 100. 11, 00
0111111111 Τ. 11, 100. 8. 11, 0. 00 01111.1111,100.11,100

011111.11,010.8.1,1.00.1,0.10 0113111011,οη 11,01. 1111, 100. 1,

011111 Τ.1,100. 11,000. 1,000. 11, 00011,010.111,011.8.1,0.1
001. 111, 000. 010. 1111, 011001. 11, 01511111. 11, 100
000. 111200104. MNT. 1,0. 00301001Τ.111,100
00. 1, 0. 10. 00. 11, 0. 00. 111011. 01111111.ήί,181

 

